0.0 4.203870924347139e-06
1.0 1.410755600699735e-06
2.0 1.687227545289269e-05
3.0 2.5251621423834902e-05
4.0 2.386926170088723e-05
5.0 5.4820697283025204e-05
6.0 5.335314992682134e-05
7.0 4.3591444232931456e-05
8.0 7.584005190476089e-05
9.0 5.7895399581596625e-05
10.0 6.748910181157076e-05
11.0 8.881843928598254e-05
12.0 7.874675073941656e-05
13.0 8.153986606306398e-05
14.0 0.0001054091277639512
15.0 0.00011528441696884934
16.0 0.00012933518122034256
17.0 0.0001012620485951082
18.0 0.00012648527414119102
19.0 0.0001423395926767196
20.0 0.00013500659950089358
21.0 0.00013638895922384124
22.0 0.00013080272857654644
23.0 0.00018271672702491594
24.0 0.00011113733780000634
25.0 0.00015072131045025847
26.0 0.00017428058929846963
27.0 0.0001841274826256157
28.0 0.0001732366083059501
29.0 0.00021688484429438569
30.0 0.00016178256003643646
31.0 0.00014776019166269533
32.0 0.00017010511425187455
33.0 0.00018841654118321904
34.0 0.0002151357099632578
35.0 0.00023917297512806077
36.0 0.0002658069562748434
37.0 0.00020122455329792826
38.0 0.00025294215240462996
39.0 0.00024744110939059136
40.0 0.00020836351893468313
41.0 0.00024176969111004037
42.0 0.00026163385303084496
43.0 0.00024910505608846304
44.0 0.00028414915088653653
45.0 0.0002757674331129977
46.0 0.0002502910164697429
47.0 0.00031086594786397867
48.0 0.0002896785897783272
49.0 0.0002630162127537926
50.0 0.0003275702198529556
51.0 0.00031354785147921446
52.0 0.00033673753499316575
53.0 0.00036122958312548477
54.0 0.00035423259687749026
55.0 0.0003569689204456335
56.0 0.00030248897369563314
57.0 0.0003459668344175563
58.0 0.0003098503627492113
59.0 0.00035592493945311396
60.0 0.00031072634027781503
61.0 0.00032480550040706025
62.0 0.00029980707008039735
63.0 0.0003079048290764155
64.0 0.0003473752182156594
65.0 0.0003333528498419182
66.0 0.0003234775606370201
67.0 0.0003471788188739916
68.0 0.0003245499375072917
69.0 0.000383574505714664
70.0 0.00030358737464106016
71.0 0.0002897614056089868
72.0 0.0003433937707081355
73.0 0.00028544395117363137
74.0 0.0003472900305824032
75.0 0.00025576366360602945
76.0 0.0002476375087322592
77.0 0.0002711399958249662
78.0 0.00028087330564110407
79.0 0.00023880620051988058
80.0 0.00020949031575786224
81.0 0.0002520354071956775
82.0 0.00023587110580747286
83.0 0.0001924500368410538
84.0 0.00021067627613914207
85.0 0.00017416700578746136
86.0 0.00018954333800639812
87.0 0.00019811908331900815
88.0 0.00019230805745229344
89.0 0.00016705643602845857
90.0 0.00014059045834559174
91.0 9.838374563820459e-05
92.0 0.0001602842449998839
93.0 0.0001436367647664111
94.0 0.00011818874400090837
95.0 0.00012772565447537838
96.0 0.00012070027234963176
97.0 0.00010811705545434241
98.0 0.00012563532068774272
99.0 0.0001139280813210571
100.0 0.00010123128091475949
101.0 0.00011088177490023775
102.0 9.97921294363077e-05
103.0 0.00010546354771685869
104.0 7.882956657007612e-05
105.0 6.176089177551562e-05
106.0 7.290495719235316e-05
107.0 5.772502431508424e-05
108.0 7.036503296587772e-05
109.0 7.854797959515211e-05
110.0 5.608947349496461e-05
111.0 3.7863234196876315e-05
112.0 5.752862497341641e-05
113.0 2.945549234818204e-05
114.0 5.91073840380319e-05
115.0 3.371615502803331e-05
116.0 3.227700354958151e-05
117.0 2.4065661042555056e-05
118.0 2.6662377024534636e-05
119.0 4.373105181909515e-05
120.0 2.8297927844654258e-05
121.0 1.5433123974440888e-05
122.0 2.3840865823135168e-05
123.0 1.9636994898788028e-05
124.0 9.818497449394014e-06
125.0 1.2611612773041417e-05
126.0 2.7415421737719194e-05
127.0 2.8297927844654258e-05
128.0 2.1244149841155585e-05
129.0 4.203870924347139e-06
130.0 1.9636994898788028e-05
131.0 8.407741848694278e-06
132.0 8.407741848694278e-06
133.0 1.6815483697388557e-05
134.0 2.3840865823135168e-05
135.0 4.203870924347139e-06
136.0 9.818497449394014e-06
137.0 2.265490544185532e-05
138.0 1.2640008650793483e-05
139.0 8.407741848694278e-06
140.0 1.410755600699735e-06
141.0 0.0
142.0 8.407741848694278e-06
143.0 0.0
144.0 8.407741848694278e-06
145.0 1.410755600699735e-06
146.0 0.0
147.0 0.0
148.0 4.203870924347139e-06
149.0 1.2836407992461308e-05
150.0 0.0
151.0 4.203870924347139e-06
152.0 4.203870924347139e-06
153.0 0.0
154.0 4.203870924347139e-06
155.0 0.0
156.0 0.0
157.0 0.0
158.0 0.0
159.0 0.0
160.0 0.0
161.0 0.0
162.0 0.0
163.0 0.0
164.0 1.2611612773041417e-05
165.0 0.0
166.0 0.0
167.0 0.0
168.0 0.0
169.0 0.0
170.0 0.0
171.0 0.0
172.0 0.0
173.0 0.0
174.0 0.0
175.0 4.203870924347139e-06
176.0 0.0
177.0 0.0
178.0 0.0
179.0 0.0
180.0 0.0
181.0 0.0
182.0 0.0
183.0 0.0
184.0 0.0
185.0 0.0
186.0 0.0
187.0 0.0
188.0 0.0
189.0 0.0
190.0 0.0
191.0 0.0
192.0 0.0
193.0 0.0
194.0 0.0
195.0 0.0
196.0 0.0
197.0 0.0
198.0 0.0
199.0 0.0
200.0 0.0
201.0 0.0
202.0 0.0
203.0 0.0
204.0 0.0
205.0 0.0
206.0 0.0
207.0 0.0
208.0 0.0
209.0 0.0
210.0 0.0
211.0 0.0
212.0 0.0
213.0 0.0
214.0 0.0
215.0 0.0
216.0 0.0
217.0 0.0
218.0 0.0
219.0 0.0
220.0 0.0
221.0 0.0
222.0 0.0
223.0 0.0
224.0 0.0
225.0 0.0
226.0 0.0
227.0 0.0
228.0 0.0
229.0 0.0
230.0 0.0
231.0 0.0
232.0 0.0
233.0 0.0
234.0 0.0
235.0 0.0
236.0 0.0
237.0 0.0
238.0 0.0
239.0 0.0
240.0 0.0
