0.0 5.587163655157556e-06
1.0 1.6761490965472668e-05
2.0 1.6813910256260022e-05
3.0 3.0768714571457074e-05
4.0 4.191683223637851e-05
5.0 5.333583689560423e-05
6.0 4.056590820202806e-05
7.0 4.6371539560702555e-05
8.0 6.85541457686032e-05
9.0 5.5950265487756594e-05
10.0 8.253515972919394e-05
11.0 0.00012326711634395157
12.0 4.623170079336665e-05
13.0 9.791951701492246e-05
14.0 0.00010207712769954853
15.0 0.00012866202194098585
16.0 0.00011068944570849866
17.0 9.794572666031615e-05
18.0 0.00012334574528013258
19.0 0.00015117672497434566
20.0 0.00019014703179311268
21.0 0.00017352537959497587
22.0 0.0001385116348623442
23.0 0.00013983634925130096
24.0 0.0001384854252169505
25.0 0.00017090216046245602
26.0 0.00016930655907919495
27.0 0.00018598942110848658
28.0 0.00015667646915295467
29.0 0.00016917551085222655
30.0 0.00021683676461612468
31.0 0.00021166032672260735
32.0 0.0002674009150472145
33.0 0.0002239146910729686
34.0 0.0002070657806309474
35.0 0.00022831697910650532
36.0 0.0002279324629902588
37.0 0.0003018903048962638
38.0 0.0002728482399350362
39.0 0.0002394563062310592
40.0 0.00026156028350277885
41.0 0.00025778718893439926
42.0 0.00024633318408941233
43.0 0.00022102058494614444
44.0 0.00032763983944656555
45.0 0.0002490612418035069
46.0 0.000324614685092773
47.0 0.00030359074486109957
48.0 0.00031635188301430825
49.0 0.0003374020328913753
50.0 0.00028007463372387465
51.0 0.00034852394091090317
52.0 0.00032450105597083077
53.0 0.00028582784579176177
54.0 0.0002606462948754623
55.0 0.00036096177277902017
56.0 0.0003750564158615531
57.0 0.0003555406575365922
58.0 0.0003831269598818946
59.0 0.0003385344892222089
60.0 0.00029835309713642733
61.0 0.0003399378325473467
62.0 0.0003486899893236327
63.0 0.0003455512058478979
64.0 0.00033864811834415114
65.0 0.0003986773655803528
66.0 0.00032993096175362626
67.0 0.0003312780724721839
68.0 0.00030074905802506273
69.0 0.00034836668303854106
70.0 0.00029397701874828435
71.0 0.0002984055164272147
72.0 0.00033309595487475473
73.0 0.0003160023670838229
74.0 0.00028555695879745746
75.0 0.00030529118482593533
76.0 0.00030518634624436064
77.0 0.00029225915967842246
78.0 0.000311605056274861
79.0 0.00034746148495159204
80.0 0.00027843540359019376
81.0 0.00026299862701367787
82.0 0.0002571143667188223
83.0 0.00022650291001972728
84.0 0.00023351962664541634
85.0 0.0002475356407917683
86.0 0.00019169021388558636
87.0 0.0002382628020447797
88.0 0.00021563446988947767
89.0 0.0001830516862312426
90.0 0.000203249057312148
91.0 0.0001666222920912291
92.0 0.00014321981007594636
93.0 0.0001973647970172925
94.0 0.00013279342298021826
95.0 0.00015236160059596654
96.0 0.00013970530102433258
97.0 0.00012734609809239662
98.0 0.00012192498284996863
99.0 0.00012291760041346623
100.0 0.00010610369015720623
101.0 0.00013312551980567745
102.0 0.00012583791618568408
103.0 9.517404019580173e-05
104.0 0.00011190932151588073
105.0 0.00013166975718975225
106.0 0.00011488205657888592
107.0 7.444719660382624e-05
108.0 6.839688789624112e-05
109.0 7.398405155139869e-05
110.0 6.99924892795022e-05
111.0 4.764383465887198e-05
112.0 3.2119638605807526e-05
113.0 7.857859764305862e-05
114.0 6.043997299784184e-05
115.0 5.466055128456102e-05
116.0 4.926564568752672e-05
117.0 4.929185533292039e-05
118.0 3.2119638605807526e-05
119.0 5.209854198319601e-05
120.0 5.18538646342854e-05
121.0 6.0221505294324894e-05
122.0 6.280972424108357e-05
123.0 3.671418469746747e-05
124.0 1.1174327310315112e-05
125.0 1.6761490965472668e-05
126.0 2.7909608630394103e-05
127.0 4.4863357653990036e-05
128.0 1.954196797035461e-05
129.0 9.770983985177304e-06
130.0 2.6724733008773237e-05
131.0 2.1137569353615677e-05
132.0 9.770983985177304e-06
133.0 5.587163655157556e-06
134.0 4.183820330019748e-06
135.0 9.770983985177304e-06
136.0 8.367640660039496e-06
137.0 8.367640660039496e-06
138.0 1.4173272018713989e-05
139.0 1.3954804315197051e-05
140.0 9.770983985177304e-06
141.0 0.0
142.0 1.3954804315197051e-05
143.0 0.0
144.0 4.183820330019748e-06
145.0 4.183820330019748e-06
146.0 8.367640660039496e-06
147.0 4.183820330019748e-06
148.0 8.586108363556434e-06
149.0 0.0
150.0 4.183820330019748e-06
151.0 4.183820330019748e-06
152.0 1.2769928693576182e-05
153.0 0.0
154.0 4.183820330019748e-06
155.0 4.183820330019748e-06
156.0 0.0
157.0 4.183820330019748e-06
158.0 2.4697173443053035e-05
159.0 5.587163655157556e-06
160.0 0.0
161.0 0.0
162.0 4.183820330019748e-06
163.0 1.4033433251378084e-06
164.0 0.0
165.0 0.0
166.0 0.0
167.0 0.0
168.0 0.0
169.0 0.0
170.0 0.0
171.0 0.0
172.0 4.183820330019748e-06
173.0 0.0
174.0 0.0
175.0 0.0
176.0 0.0
177.0 0.0
178.0 0.0
179.0 0.0
180.0 0.0
181.0 0.0
182.0 0.0
183.0 0.0
184.0 0.0
185.0 0.0
186.0 0.0
187.0 0.0
188.0 0.0
189.0 0.0
190.0 0.0
191.0 0.0
192.0 0.0
193.0 0.0
194.0 0.0
195.0 0.0
196.0 0.0
197.0 0.0
198.0 0.0
199.0 0.0
200.0 0.0
201.0 0.0
202.0 0.0
203.0 0.0
204.0 0.0
205.0 0.0
206.0 0.0
207.0 0.0
208.0 0.0
209.0 0.0
210.0 0.0
211.0 0.0
212.0 0.0
213.0 0.0
214.0 0.0
215.0 0.0
216.0 0.0
217.0 0.0
218.0 0.0
219.0 0.0
220.0 0.0
221.0 0.0
222.0 0.0
223.0 0.0
224.0 0.0
225.0 0.0
226.0 0.0
227.0 0.0
228.0 0.0
229.0 0.0
230.0 0.0
231.0 0.0
232.0 0.0
233.0 0.0
234.0 0.0
235.0 0.0
236.0 0.0
237.0 0.0
238.0 0.0
239.0 0.0
240.0 0.0
