0.0 2.831289142572396e-06
1.0 2.9662477860658776e-05
2.0 4.686057935662027e-05
3.0 4.944847279048987e-05
4.0 4.8054847597987454e-05
5.0 4.098763443094836e-05
6.0 0.00010102500714685939
7.0 7.783902331299763e-05
8.0 0.00014297027455259517
9.0 9.327840605340251e-05
10.0 0.00015567804662599527
11.0 0.0001684744874855711
12.0 0.00020086857601323466
13.0 0.0001485001452939967
14.0 0.00019797063746327032
15.0 0.00016959109663015448
16.0 0.00018396891867293545
17.0 0.00018655681210680503
18.0 0.0002816385669443723
19.0 0.00023635936877095722
20.0 0.00026886414546358026
21.0 0.0002432828647048611
22.0 0.00028994408711034616
23.0 0.0002756769532325247
24.0 0.0002489894817475735
25.0 0.00032832180872864115
26.0 0.0003692764140914138
27.0 0.000407410740001006
28.0 0.0003069208122763887
29.0 0.00030542750860831864
30.0 0.00044868580889822476
31.0 0.0004129626301211913
32.0 0.00042771655541641834
33.0 0.0004049995928684473
34.0 0.0003907985171269772
35.0 0.0004077091841566683
36.0 0.0003863638274224158
37.0 0.0005178750088605275
38.0 0.0004528220544471238
39.0 0.0004726190590663468
40.0 0.00042009590142458173
41.0 0.0004263602085393605
42.0 0.00048571453535262545
43.0 0.00042622325174834834
44.0 0.0005635199383264069
45.0 0.0004928367969666241
46.0 0.00046123826277805717
47.0 0.000506606129737648
48.0 0.0005097468727252746
49.0 0.0005237816205837852
50.0 0.0005828191418388324
51.0 0.0005513698563250731
52.0 0.0006096999007561587
53.0 0.0005900631013071823
54.0 0.0005989777020159537
55.0 0.000544092276517507
56.0 0.0006199249361189763
57.0 0.000642520200812596
58.0 0.0006912722064685162
59.0 0.000669328778880858
60.0 0.0006546085735771697
61.0 0.0006443828472909891
62.0 0.0006474465224528724
63.0 0.000650133503091269
64.0 0.0006608905511711409
65.0 0.0006986683505767828
66.0 0.0007335758069951831
67.0 0.0006511908145416241
68.0 0.0005875082369414883
69.0 0.0007102393454860631
70.0 0.000704216613808496
71.0 0.0006891373844605135
72.0 0.0007111180903636162
73.0 0.0007220292740949745
74.0 0.0007462487297289163
75.0 0.0008005965646102668
76.0 0.0007454806730163229
77.0 0.0007037696119013892
78.0 0.0006461079457073294
79.0 0.0007611812215969455
80.0 0.0007137500225550533
81.0 0.0006515387292442039
82.0 0.000774618489873091
83.0 0.000653967055237237
84.0 0.0006759655312718546
85.0 0.0006851668755235334
86.0 0.0007765147566907003
87.0 0.0006297127502636283
88.0 0.000692577162874843
89.0 0.0006829997153707181
90.0 0.0006483485157096599
91.0 0.0007650966820869661
92.0 0.0007431648554597405
93.0 0.0006841493535834771
94.0 0.0006845700868645313
95.0 0.0007480471383424493
96.0 0.000679847371422659
97.0 0.0006218830118256682
98.0 0.0007899533071612493
99.0 0.000744696128366618
100.0 0.000674428188846217
101.0 0.0007699129068333236
102.0 0.0007107487475532931
103.0 0.0006692633120155471
104.0 0.0006787417719674674
105.0 0.0006869151758607386
106.0 0.0007627307562540561
107.0 0.0006289838453319234
108.0 0.0007379169409368898
109.0 0.0006394688175345082
110.0 0.0006397941215872635
111.0 0.0006704802905590612
112.0 0.0007344729132752916
113.0 0.0005981203387877745
114.0 0.0005556724297569318
115.0 0.0006553399432453592
116.0 0.000573242976529111
117.0 0.0005871272467123634
118.0 0.0005371100741604153
119.0 0.000519601927548359
120.0 0.0005413680175636658
121.0 0.0005943229181758769
122.0 0.0006021086178562695
123.0 0.0006356028275914051
124.0 0.0005210849124504002
125.0 0.000598016411064938
126.0 0.000561187632832713
127.0 0.0005512322618046509
128.0 0.0004928203090295126
129.0 0.00044012657425751924
130.0 0.00041804002070776645
131.0 0.0005272672115688038
132.0 0.0004279825617749455
133.0 0.00045224170726686355
134.0 0.00047748667428343535
135.0 0.0004580657729166585
136.0 0.0004159389186913024
137.0 0.0004199913359723352
138.0 0.00039835370425350295
139.0 0.0004251072338748055
140.0 0.0003995699918736539
141.0 0.0004562520057141424
142.0 0.00037307086765044604
143.0 0.0003763870282866104
144.0 0.000345763897204346
145.0 0.0004080198205438035
146.0 0.00035760946553125737
147.0 0.0003589364413163679
148.0 0.0003190323869618272
149.0 0.0003905392247522036
150.0 0.0003419817355291092
151.0 0.00035190709773581384
152.0 0.000365174479805094
153.0 0.0002895912854310874
154.0 0.0003093552609821347
155.0 0.0002921571594861732
156.0 0.0002708778608882721
157.0 0.00034578043833541025
158.0 0.0002922678476511327
159.0 0.00036608131358019077
160.0 0.00024354887106338826
161.0 0.0003277256113406796
162.0 0.00024967622138715486
163.0 0.0002623839934605549
164.0 0.00031853527677839274
165.0 0.00022365218796859763
166.0 0.00028695935323965025
167.0 0.00020856688910185508
168.0 0.00025434813762933653
169.0 0.00015430703208331722
170.0 0.00023231238327927437
171.0 0.00012333959781633174
172.0 0.00021033661754680358
173.0 0.00020900288131957005
174.0 0.00021281382281571369
175.0 0.0001587643324377029
176.0 0.0001844563013613816
177.0 0.00021010423152749267
178.0 0.00013723062844170713
179.0 0.00016337635971461572
180.0 0.00013066121638146552
181.0 0.00013888966872169613
182.0 0.0001423184374466336
183.0 0.00012899116641208462
184.0 0.0001533561595506528
185.0 0.0001690279283103686
186.0 8.099136726105665e-05
187.0 0.00014244013530098501
188.0 0.00012683926519593
189.0 0.00011358481273985544
190.0 0.00011829651849233584
191.0 0.00010051194710340114
192.0 7.637933998414385e-05
193.0 0.000151011661825486
194.0 0.00011100792899537774
195.0 0.00010933787902599684
196.0 9.959410363891244e-05
197.0 4.5190529387239374e-05
198.0 5.978972775993937e-05
199.0 5.095278614795177e-05
200.0 9.946139609516913e-05
201.0 8.544866761544235e-05
202.0 7.391314440462566e-05
203.0 8.098035757166477e-05
204.0 5.696944830675887e-05
205.0 8.980628949426046e-05
206.0 4.2602635953369775e-05
207.0 2.9773166025618286e-05
208.0 4.825420454912267e-05
209.0 6.262101690251176e-05
210.0 6.881926588093914e-05
211.0 3.848840978325448e-05
212.0 3.131050845125588e-05
213.0 4.825420454912267e-05
214.0 3.848840978325448e-05
215.0 2.7074584426789188e-05
216.0 1.706539395221819e-05
217.0 3.1188810596904487e-05
218.0 2.1301317976684888e-05
219.0 1.4245114499037693e-05
220.0 3.413078790443638e-05
221.0 1.8359340669152987e-05
222.0 3.8610107637605885e-05
223.0 2.5658939855502988e-05
224.0 2.9894863879969684e-05
225.0 4.235924024466698e-06
226.0 1.7187091806569593e-05
227.0 1.0009190474570995e-05
228.0 2.1423015831036292e-05
229.0 1.2829469927751494e-05
230.0 8.471848048933395e-06
231.0 0.0
232.0 2.117962012233349e-05
233.0 1.694369609786679e-05
234.0 2.1423015831036292e-05
235.0 1.415644571286198e-06
236.0 0.0
237.0 8.593545903284796e-06
238.0 8.593545903284796e-06
239.0 0.0
240.0 0.0
