0.0 9.823594177850243e-06
1.0 2.1062616522721007e-05
2.0 4.9117970889251215e-05
3.0 7.463250451848345e-05
4.0 2.8139757357823627e-05
5.0 5.365429098705588e-05
6.0 0.00010426671816183714
7.0 0.00011442254943207721
8.0 0.00010556091671470141
9.0 0.00010148343819622669
10.0 0.00019722076073307786
11.0 0.0001620038625401516
12.0 0.00013241185039244467
13.0 0.000160593809245915
14.0 0.00018585513390126696
15.0 0.00020064051522735872
16.0 0.00021262166458771678
17.0 0.0002587875495287707
18.0 0.0002459146398596941
19.0 0.0002949482077576519
20.0 0.000221567700296386
21.0 0.00023355767662349767
22.0 0.00033120609552956214
23.0 0.0003908263366209807
24.0 0.00032097123614081255
25.0 0.0003613781788707553
26.0 0.0003212190702419089
27.0 0.00037425246382763374
28.0 0.00032155130733429874
29.0 0.0003368309815747814
30.0 0.00038902764289917006
31.0 0.00039992905327886714
32.0 0.0003509430617493399
33.0 0.000391410407399449
34.0 0.00034532892544968845
35.0 0.0004007751599979692
36.0 0.00041018886425272204
37.0 0.0003947369319356828
38.0 0.0004462744939480757
39.0 0.0005315477481934242
40.0 0.0004609612704433365
41.0 0.0004565830065825509
42.0 0.000539686830607634
43.0 0.0006396916871410702
44.0 0.0005183568032714953
45.0 0.000585365470290283
46.0 0.0004423128701709733
47.0 0.0005235704241058152
48.0 0.0006373632491698078
49.0 0.0004851394040240578
50.0 0.0005308518222585656
51.0 0.0005449457010086046
52.0 0.0005464637335914381
53.0 0.0005452539380298672
54.0 0.0004522630688357637
55.0 0.0006093487210111223
56.0 0.0005914198229709212
57.0 0.0006896757652355688
58.0 0.0006015240782877487
59.0 0.0006602826355327257
60.0 0.0006351057138686672
61.0 0.0006106851210596333
62.0 0.0006250960637976887
63.0 0.0005560634937393192
64.0 0.0005889212037292698
65.0 0.0007005497234501689
66.0 0.0007693122583979404
67.0 0.0006669592609024967
68.0 0.000619844241052704
69.0 0.0006040668218038606
70.0 0.0006259172189316854
71.0 0.000737297904551488
72.0 0.0007575673655963215
73.0 0.0007206375519606797
74.0 0.0005651965368550947
75.0 0.0007324326454279096
76.0 0.0006479657969860081
77.0 0.0007365926041588637
78.0 0.0007859181304323787
79.0 0.0006490631899001764
80.0 0.0007840016591903814
81.0 0.0008084094254476795
82.0 0.0006706494742811993
83.0 0.00073137248315957
84.0 0.000713863273274056
85.0 0.0007136114395879775
86.0 0.0007391667994250547
87.0 0.0007518776532721303
88.0 0.0006910054151234939
89.0 0.000699666790108204
90.0 0.0007984086023434545
91.0 0.0007235052349175837
92.0 0.0007689236179703664
93.0 0.000704318964947381
94.0 0.0007092385505999758
95.0 0.0007025820494335384
96.0 0.0007611860025354662
97.0 0.0008204416032704378
98.0 0.0006925802748153355
99.0 0.0007928103406665427
100.0 0.0006912478743518065
101.0 0.0006618668696823331
102.0 0.0008371695327158219
103.0 0.0006515368575567223
104.0 0.000699628040706527
105.0 0.0006314291548384899
106.0 0.0006200759505354487
107.0 0.0006361781551977301
108.0 0.0007397817744625896
109.0 0.0006759499986868043
110.0 0.0006398865700009521
111.0 0.0006311279654732131
112.0 0.0006537086145787677
113.0 0.000598253005572721
114.0 0.0006060878505506501
115.0 0.0006297547388018393
116.0 0.0005820650226313442
117.0 0.0005901334998708324
118.0 0.0006362993848118865
119.0 0.0006358206690248348
120.0 0.0006309591594906262
121.0 0.0005547055941996726
122.0 0.000581224290785026
123.0 0.00048088236977742837
124.0 0.00046098334773564945
125.0 0.0004730857267101639
126.0 0.00039705599544917936
127.0 0.0004702970718717695
128.0 0.000512925424798356
129.0 0.0005398513870096268
130.0 0.00044356736780818253
131.0 0.0004216400193680161
132.0 0.0005192040352827871
133.0 0.00043722393104477934
134.0 0.0005647716476058353
135.0 0.0004521021383059524
136.0 0.00041089666522533804
137.0 0.0004059176281665552
138.0 0.0004507657382574414
139.0 0.00042650320168542667
140.0 0.0003887454827552025
141.0 0.00045256305669145016
142.0 0.00039132850498814714
143.0 0.0003973592813714819
144.0 0.00040698261781666633
145.0 0.00043273423580142715
146.0 0.0003502918378901197
147.0 0.00029830080917118073
148.0 0.00033031241244202945
149.0 0.00037563756553676516
150.0 0.000251481199790915
151.0 0.0003509229375460062
152.0 0.00022704985723631346
153.0 0.00030529354701498994
154.0 0.00032227331014645234
155.0 0.0003065877455678542
156.0 0.0003402390348095164
157.0 0.0003370164899768974
158.0 0.000306007674374368
159.0 0.0002968431795085135
160.0 0.00027873802380677366
161.0 0.0002864870905056077
162.0 0.00029958963285126115
163.0 0.00021222364970237685
164.0 0.00020190976219511774
165.0 0.00027198774519127697
166.0 0.00023482829887905851
167.0 0.00027914391414488916
168.0 0.00026745142509347234
169.0 0.0001953651161850707
170.0 0.00020578160810814277
171.0 0.00023187083805807732
172.0 0.0002522561538442831
173.0 0.00021796439048896846
174.0 0.00017889384780753672
175.0 0.00016365637506270077
176.0 0.00012920255588538506
177.0 0.00019632707764554518
178.0 0.00017752062113616292
179.0 0.000162736615097873
180.0 0.00013022934362483154
181.0 0.00010256125439807353
182.0 0.00014089366964900002
183.0 0.0001417162000707987
184.0 0.0001057611744473672
185.0 9.177569875974882e-05
186.0 0.0001803332760456844
187.0 7.491716524244267e-05
188.0 0.00011300174639227277
189.0 0.00011199758343615161
190.0 0.0001406276341233841
191.0 0.00014042200151793442
192.0 8.316190014346943e-05
193.0 8.353096385872205e-05
194.0 0.00011297512202396542
195.0 9.224336730583237e-05
196.0 8.840834801567014e-05
197.0 9.011243649163191e-05
198.0 5.9474059892157043e-05
199.0 7.512279784789233e-05
200.0 7.832271789718602e-05
201.0 5.4900913171489556e-05
202.0 4.112107008932084e-05
203.0 7.2334143009498e-05
204.0 5.7895200615333564e-05
205.0 5.127152648677699e-05
206.0 6.388377550302157e-05
207.0 6.230491622619809e-05
208.0 3.8453644865082746e-05
209.0 4.265772787049761e-05
210.0 3.96634404266536e-05
211.0 6.230491622619809e-05
212.0 3.404392925421821e-05
213.0 4.204083005414859e-06
214.0 3.26707025828444e-05
215.0 2.9839846248803356e-05
216.0 2.1431680237973634e-05
217.0 1.4233309788714772e-05
218.0 8.408166010829718e-06
219.0 1.5648737955735294e-05
220.0 1.8437392794129633e-05
221.0 3.334400373437763e-05
222.0 5.967969249760671e-05
223.0 1.7021964627109105e-05
224.0 2.5635763243388495e-05
225.0 1.2817881621694248e-05
226.0 2.2435843194094822e-05
227.0 0.0
228.0 1.7227597232558777e-05
229.0 0.0
230.0 1.7227597232558777e-05
231.0 8.408166010829718e-06
232.0 0.0
233.0 4.204083005414859e-06
234.0 0.0
235.0 0.0
236.0 1.2817881621694248e-05
237.0 4.204083005414859e-06
238.0 4.204083005414859e-06
239.0 0.0
240.0 0.0
