0.0 4.184870854885419e-06
1.0 0.0
2.0 1.6794909370607288e-05
3.0 3.213019818000955e-05
4.0 4.630802679443076e-05
5.0 2.2383974835632114e-05
6.0 4.889739457508404e-05
7.0 7.130908238624895e-05
8.0 0.00010894520710468493
9.0 3.218562413107517e-05
10.0 7.133679536178178e-05
11.0 0.00010484347517639792
12.0 0.00011059613612998269
13.0 0.00010228182037127745
14.0 9.710308480997092e-05
15.0 9.663732895518703e-05
16.0 0.00010090533873667086
17.0 0.00015101561945780157
18.0 0.0001384332939176125
19.0 0.000127529610378254
20.0 0.00012494024259760073
21.0 0.0001092750804464417
22.0 0.00016087269470431022
23.0 0.00014443268928635562
24.0 0.0001356526176728665
25.0 0.00014283718621212345
26.0 0.0002104548665738037
27.0 0.00020275004923199597
28.0 0.00018873488310283595
29.0 0.00021158461379325194
30.0 0.0002561058290493578
31.0 0.00021970762108786444
32.0 0.00022254372328367605
33.0 0.00021442071598906358
34.0 0.00019047163341936904
35.0 0.00023815345948376948
36.0 0.0002683790671775352
37.0 0.00020726386042533941
38.0 0.0003067095786008052
39.0 0.0002664009471751176
40.0 0.00027441578493223577
41.0 0.00026563303095410975
42.0 0.0002754901062006184
43.0 0.0002823725143736514
44.0 0.00034993745114890294
45.0 0.00029955272303708113
46.0 0.00029588903398804515
47.0 0.00029388051864545785
48.0 0.000330608599948708
49.0 0.00028975107374163805
50.0 0.0003728399254257476
51.0 0.0003595728225911492
52.0 0.00034162313539019774
53.0 0.0003484250870012692
54.0 0.0003402993973420198
55.0 0.0003430273300003372
56.0 0.00030387615876963054
57.0 0.0003829991610384803
58.0 0.0004016682655551617
59.0 0.0003595477919802533
60.0 0.00040585581877468406
61.0 0.0004125677044133694
62.0 0.00036125414695661667
63.0 0.0003925263629432322
64.0 0.0003986158242843615
65.0 0.0003360340699251729
66.0 0.0003978159504066699
67.0 0.00041364470804638895
68.0 0.00039478853974676565
69.0 0.00043178838607607005
70.0 0.0003779936303761583
71.0 0.0004318438120271356
72.0 0.00048654929350687
73.0 0.0004091299638497467
74.0 0.00039176112908686123
75.0 0.00043126720427022047
76.0 0.0004329735592465839
77.0 0.0004103705629713262
78.0 0.0003864161156723578
79.0 0.00036665190395754874
80.0 0.0003289853838989431
81.0 0.0003765340098149533
82.0 0.00037358705571701047
83.0 0.00033933592797576846
84.0 0.0003756206016704937
85.0 0.00040662105263105497
86.0 0.00042011410395106674
87.0 0.000334710331876995
88.0 0.00036725085996072287
89.0 0.0003132024427998651
90.0 0.0003053330969661986
91.0 0.0002900532341078619
92.0 0.0003400258829546275
93.0 0.0002731474728351235
94.0 0.0002914297157424686
95.0 0.0003594342577134851
96.0 0.00030384576342946083
97.0 0.00022006520740515403
98.0 0.0002551951032695351
99.0 0.0002548098039767127
100.0 0.00027444081554313165
101.0 0.00023922778075215212
102.0 0.0002314596774101923
103.0 0.00026309640675988515
104.0 0.000263864322980893
105.0 0.0001959471646176257
106.0 0.00021026087574507404
107.0 0.00019751495471632507
108.0 0.00017391809373464628
109.0 0.00017229487768488134
110.0 0.0002058846964260959
111.0 0.00011178130930049654
112.0 0.00017091839605027473
113.0 0.00015112378899529585
114.0 0.00016786327241483754
115.0 0.00011637651005910025
116.0 0.00019875287147326767
117.0 0.00011783613062030526
118.0 0.00010638355229956447
119.0 0.00012915014406338204
120.0 0.00013476692250393967
121.0 8.686339263527677e-05
122.0 0.00012469082581780547
123.0 8.262309582932574e-05
124.0 0.0001093555370084032
125.0 0.0001147255810338025
126.0 0.00010236227693323895
127.0 0.00010962998439909436
128.0 5.167807081983005e-05
129.0 4.749319996494463e-05
130.0 6.585589943425125e-05
131.0 8.584181495332284e-05
132.0 8.259538285379294e-05
133.0 7.981470660904691e-05
134.0 9.275193610188865e-05
135.0 5.8643617919461476e-05
136.0 6.28284887743469e-05
137.0 7.160856038783601e-05
138.0 8.02250365127652e-05
139.0 3.788285913359431e-05
140.0 5.162264486876443e-05
141.0 6.761499799704333e-05
142.0 4.250577286773082e-05
143.0 5.068420611340891e-05
144.0 3.3917009718334435e-05
145.0 5.462234255313598e-05
146.0 1.814367802968108e-05
147.0 2.5328246568938056e-05
148.0 5.5060385432387075e-05
149.0 3.091731203396288e-05
150.0 2.1143375714052633e-05
151.0 4.206772998847973e-05
152.0 2.2547570324192044e-05
153.0 3.906803230410818e-05
154.0 1.6958504859167217e-05
155.0 4.184870854885419e-06
156.0 1.2554612564656255e-05
157.0 3.5102182888848296e-05
158.0 1.1178130930049655e-05
159.0 2.7917614349591328e-05
160.0 1.814367802968108e-05
161.0 8.369741709770837e-06
162.0 1.6958504859167217e-05
163.0 2.1143375714052633e-05
164.0 1.2554612564656255e-05
165.0 1.6958504859167217e-05
166.0 1.6739483419541675e-05
167.0 4.184870854885419e-06
168.0 5.589065465024827e-06
169.0 1.2554612564656255e-05
170.0 8.369741709770837e-06
171.0 8.58876314939638e-06
172.0 2.6951462618703006e-05
173.0 9.773936319910246e-06
174.0 1.8362699469306624e-05
175.0 1.2773634004281798e-05
176.0 4.184870854885419e-06
177.0 0.0
178.0 5.589065465024827e-06
179.0 1.4041946101394085e-06
180.0 4.184870854885419e-06
181.0 4.184870854885419e-06
182.0 0.0
183.0 4.184870854885419e-06
184.0 8.58876314939638e-06
185.0 2.136239715367818e-05
186.0 4.184870854885419e-06
187.0 0.0
188.0 1.2773634004281798e-05
189.0 8.369741709770837e-06
190.0 0.0
191.0 8.58876314939638e-06
192.0 4.184870854885419e-06
193.0 8.369741709770837e-06
194.0 1.2773634004281798e-05
195.0 4.184870854885419e-06
196.0 8.58876314939638e-06
197.0 0.0
198.0 8.58876314939638e-06
199.0 0.0
200.0 0.0
201.0 4.184870854885419e-06
202.0 0.0
203.0 0.0
204.0 0.0
205.0 0.0
206.0 0.0
207.0 0.0
208.0 0.0
209.0 0.0
210.0 0.0
211.0 0.0
212.0 0.0
213.0 0.0
214.0 0.0
215.0 0.0
216.0 0.0
217.0 0.0
218.0 0.0
219.0 0.0
220.0 0.0
221.0 0.0
222.0 0.0
223.0 0.0
224.0 0.0
225.0 0.0
226.0 0.0
227.0 0.0
228.0 0.0
229.0 0.0
230.0 0.0
231.0 0.0
232.0 0.0
233.0 0.0
234.0 0.0
235.0 0.0
236.0 0.0
237.0 0.0
238.0 0.0
239.0 0.0
240.0 0.0
