0.0 0.0
1.0 8.40444602492614e-06
2.0 3.658784125633306e-05
3.0 3.121024204903791e-05
4.0 6.314986314601357e-05
5.0 8.06704074361436e-05
6.0 0.00011535702284211622
7.0 0.00010108638821724871
8.0 9.952180453652479e-05
9.0 0.00015389221158697096
10.0 0.0001752180176665157
11.0 0.00020538712828744907
12.0 0.000149349817012462
13.0 0.00017007404513270238
14.0 0.00018169284301058016
15.0 0.0001686302037557931
16.0 0.0002456111480578739
17.0 0.0001877258955524974
18.0 0.00023772018121506373
19.0 0.0002454697646607145
20.0 0.00023284889820807472
21.0 0.000303110722469768
22.0 0.0002432781224758698
23.0 0.0002730828910490031
24.0 0.000313671252867228
25.0 0.00033007674001593785
26.0 0.00038058450486062
27.0 0.00032246913072279314
28.0 0.00030011286123798506
29.0 0.00028349147422345345
30.0 0.000317109258323158
31.0 0.0004145985308796574
32.0 0.00040145421217439815
33.0 0.00035030591071406
34.0 0.00041988097252494526
35.0 0.000454811882627241
36.0 0.0004254389137857514
37.0 0.00044572428338952934
38.0 0.0004843723565040512
39.0 0.00044632294706314885
40.0 0.00048279004601566733
41.0 0.0005270138913956463
42.0 0.0004811686726739409
43.0 0.00041436549496152227
44.0 0.00048283616765382853
45.0 0.0005078052110322838
46.0 0.00043946525371429577
47.0 0.000571424651055599
48.0 0.0005791826831907442
49.0 0.0005331883273347229
50.0 0.0007057900660665598
51.0 0.0004848438098443843
52.0 0.0006625994941805379
53.0 0.0006108958405960477
54.0 0.0005499972193845752
55.0 0.0005153567256167637
56.0 0.0006378569144937547
57.0 0.0005993366424678662
58.0 0.0005562561448628177
59.0 0.0006376765724402439
60.0 0.0006802441816185233
61.0 0.0005281863289534158
62.0 0.0005720246004369033
63.0 0.0006443650783167832
64.0 0.0005698158221997453
65.0 0.0005780570622234736
66.0 0.0005607240229686643
67.0 0.000592610359445669
68.0 0.000629300521245819
69.0 0.0006142940395435417
70.0 0.0004927880613071655
71.0 0.000553406239254657
72.0 0.0005568826126115919
73.0 0.0005304441431144198
74.0 0.0005937780062547224
75.0 0.0005358401640817126
76.0 0.0005706001144456541
77.0 0.00045367909867816077
78.0 0.0005062293685733719
79.0 0.0005591581535802559
80.0 0.0005473440969299008
81.0 0.000500402242826773
82.0 0.0005951551890971166
83.0 0.0005174937974739531
84.0 0.0005255126696023876
85.0 0.0005230589017165689
86.0 0.0004882415709362781
87.0 0.0004823185926753343
88.0 0.000475319029370966
89.0 0.0004675807047035031
90.0 0.000477570271305507
91.0 0.0004085086886767377
92.0 0.0004192255191903232
93.0 0.0003783005152024618
94.0 0.0003595158808335866
95.0 0.00038007818866031383
96.0 0.00036853612658444555
97.0 0.0003721226784193446
98.0 0.000268349486398142
99.0 0.0003608717276302983
100.0 0.00032253179765792076
101.0 0.0003773162776323507
102.0 0.00035023010853771304
103.0 0.0003260260020195064
104.0 0.00028871934554108587
105.0 0.00031214094129113047
106.0 0.00030468527922099546
107.0 0.0002836883615739308
108.0 0.0003237420123613482
109.0 0.00023086189711086374
110.0 0.00025791250839319045
111.0 0.00021211341130964627
112.0 0.00022465976129362365
113.0 0.00024759627269205355
114.0 0.00019111649366258156
115.0 0.00020974493211232213
116.0 0.0001894489986826939
117.0 0.0001571236994922358
118.0 0.00019747843463697881
119.0 0.00014542322216388583
120.0 0.00016565886089148004
121.0 0.00012145624736019262
122.0 0.00017889903211108421
123.0 0.0001512965737456369
124.0 0.0001454516169943871
125.0 0.00013258645584542415
126.0 0.00010583692892042303
127.0 0.00016922052293690942
128.0 0.00016514538170936415
129.0 7.165662971475661e-05
130.0 7.492777122871069e-05
131.0 9.223241565301887e-05
132.0 8.862463196942828e-05
133.0 0.00011219886989482028
134.0 0.00010486325517616219
135.0 6.168760000910653e-05
136.0 7.44391818360645e-05
137.0 6.671083023910518e-05
138.0 7.949866483071184e-05
139.0 6.230690477607086e-05
140.0 5.974025252058483e-05
141.0 4.0719077192543035e-05
142.0 1.5375023743446477e-05
143.0 2.6965426790822982e-05
144.0 2.2345601461966817e-05
145.0 6.176222067475996e-05
146.0 2.974797891213087e-05
147.0 6.745087730988416e-05
148.0 5.909255292311926e-05
149.0 1.696800225467166e-05
150.0 4.814984947320833e-05
151.0 2.1156027851884107e-05
152.0 2.5344053449096562e-05
153.0 2.1156027851884107e-05
154.0 2.674952692500112e-05
155.0 9.781524670329464e-06
156.0 1.2779976657459209e-05
157.0 1.718390212049352e-05
158.0 4.18802559721245e-06
159.0 2.6965426790822982e-05
160.0 4.18802559721245e-06
161.0 4.693188103262439e-05
162.0 6.998972549021576e-06
163.0 1.256407679163735e-05
164.0 9.997424536151323e-06
165.0 8.59195106024676e-06
166.0 4.18802559721245e-06
167.0 8.3760511944249e-06
168.0 8.59195106024676e-06
169.0 8.3760511944249e-06
170.0 1.2779976657459209e-05
171.0 2.137192771770597e-05
172.0 8.3760511944249e-06
173.0 0.0
174.0 0.0
175.0 2.277740119361053e-05
176.0 1.718390212049352e-05
177.0 8.3760511944249e-06
178.0 0.0
179.0 0.0
180.0 4.18802559721245e-06
181.0 8.59195106024676e-06
182.0 0.0
183.0 0.0
184.0 4.18802559721245e-06
185.0 0.0
186.0 0.0
187.0 0.0
188.0 0.0
189.0 0.0
190.0 0.0
191.0 0.0
192.0 0.0
193.0 0.0
194.0 0.0
195.0 8.59195106024676e-06
196.0 0.0
197.0 0.0
198.0 0.0
199.0 0.0
200.0 1.4054734759045627e-06
201.0 0.0
202.0 0.0
203.0 0.0
204.0 0.0
205.0 0.0
206.0 3.1312625250501006e-05
207.0 0.0
208.0 0.0
209.0 0.0
210.0 0.0
211.0 0.0
212.0 1.4054734759045627e-06
213.0 0.0
214.0 0.0
215.0 0.0
216.0 0.0
217.0 0.0
218.0 0.0
219.0 0.0
220.0 0.0
221.0 0.0
222.0 0.0
223.0 0.0
224.0 0.0
225.0 0.0
226.0 0.0
227.0 0.0
228.0 0.0
229.0 0.0
230.0 0.0
231.0 0.0
232.0 0.0
233.0 0.0
234.0 0.0
235.0 0.0
236.0 0.0
237.0 0.0
238.0 0.0
239.0 0.0
240.0 0.0
