0.0 8.406992560949339e-06
1.0 5.473107867175932e-05
2.0 2.522097768284801e-05
3.0 2.9410055918073135e-05
4.0 7.429933449647596e-05
5.0 7.295103523556607e-05
6.0 5.179025462660591e-05
7.0 8.976502035746474e-05
8.0 0.0001023899272441383
9.0 0.00010642128822752707
10.0 0.00010088391073139204
11.0 0.00016131008415112271
12.0 0.00010388240695754365
13.0 0.00016380659253126614
14.0 0.00017371960160496178
15.0 0.00019069130397869678
16.0 0.0001665896993245832
17.0 0.00025294069090666375
18.0 0.00024450486225521535
19.0 0.00030424249448660236
20.0 0.00019808073107356716
21.0 0.00029051631526670206
22.0 0.00022703117203547212
23.0 0.00026573861433633187
24.0 0.0003410555142988868
25.0 0.00026910850773005884
26.0 0.00030980870807323645
27.0 0.00033782809184055977
28.0 0.0003211718239704974
29.0 0.0002947025920975777
30.0 0.00035906008142985897
31.0 0.0004361713588101511
32.0 0.00037690918676971735
33.0 0.0003812537267960563
34.0 0.0004563145739530323
35.0 0.0004123716518603693
36.0 0.00039980441715469395
37.0 0.0003709404844642863
38.0 0.0004606636778755379
39.0 0.0004035915526147491
40.0 0.00046172307028783
41.0 0.00040334732709141545
42.0 0.00047189389465892185
43.0 0.0004948625894849601
44.0 0.0004050840323281545
45.0 0.0004909465728635677
46.0 0.0005007595368664252
47.0 0.0004456553515099949
48.0 0.0005296234695568329
49.0 0.0006140399212212204
50.0 0.0005502845177805073
51.0 0.0005998936985306424
52.0 0.0005200123581874691
53.0 0.0006444517503453091
54.0 0.000579909417187788
55.0 0.0006050133409915441
56.0 0.0005439138726999062
57.0 0.0004867727939195008
58.0 0.0005889184956403055
59.0 0.0006258603966139271
60.0 0.0005454063524133117
61.0 0.0006110409320261637
62.0 0.0006270221425325015
63.0 0.0005500262095142058
64.0 0.0006264488927314326
65.0 0.0006109967966445065
66.0 0.0006416279801792477
67.0 0.0006381545697057697
68.0 0.0005948442791122695
69.0 0.0007602438893966844
70.0 0.0006311688478778867
71.0 0.0007055258545553608
72.0 0.0007613050443007937
73.0 0.0006136662685929227
74.0 0.0006934894437861927
75.0 0.0006798164258258455
76.0 0.0006296186959834831
77.0 0.0006922123535056219
78.0 0.0006669761295063375
79.0 0.0007466279976737085
80.0 0.0007145772529229964
81.0 0.000733932920719228
82.0 0.0006636197729119513
83.0 0.0005851601962707494
84.0 0.0006695325125534798
85.0 0.000648340640393298
86.0 0.0006562303458170809
87.0 0.0006323170040223985
88.0 0.0006842632663837451
89.0 0.0006778507413822093
90.0 0.0006337654013288683
91.0 0.0006111103785146855
92.0 0.0006031494641105633
93.0 0.0006614392449791075
94.0 0.0005987296971513455
95.0 0.0006519276327369551
96.0 0.0006164340760950814
97.0 0.0004933989458620539
98.0 0.0005385612860542893
99.0 0.0005909982549230257
100.0 0.0006534031036421066
101.0 0.0005683444486570334
102.0 0.000559292997314676
103.0 0.0005605242426964939
104.0 0.0005819156590547252
105.0 0.0005653323626568193
106.0 0.0006314807573979248
107.0 0.0004765272885591569
108.0 0.0004252101856880602
109.0 0.0004855939862179508
110.0 0.000460028737940931
111.0 0.0004860247650836199
112.0 0.0005060509263474091
113.0 0.00048507669908078445
114.0 0.0004172187256763434
115.0 0.00046451971388048797
116.0 0.00041531071341370545
117.0 0.0004694532959679593
118.0 0.00029272166133750507
119.0 0.000382988669540978
120.0 0.00035766764678729185
121.0 0.000403074212502861
122.0 0.0003698770211247328
123.0 0.00038920105142611574
124.0 0.0003170098193339541
125.0 0.0004241196487498248
126.0 0.000344956231629121
127.0 0.00030887588838683747
128.0 0.0003050599168362833
129.0 0.0003025769982302024
130.0 0.00024661296465952967
131.0 0.0003205968116776111
132.0 0.00032279142235342275
133.0 0.00034631977720646736
134.0 0.0002871689845502118
135.0 0.0001953823700599301
136.0 0.0002072169281956045
137.0 0.00026121703981445854
138.0 0.00024783232978438054
139.0 0.0002133292650099041
140.0 0.00026321150737387204
141.0 0.0002350785417363697
142.0 0.00014768114859771116
143.0 0.00020297188729647683
144.0 0.0001671340600604314
145.0 0.0002069455760988674
146.0 0.00013753745080002277
147.0 0.00016872658484467492
148.0 0.00020588387525113114
149.0 0.00020300126933060284
150.0 0.00010802734981111146
151.0 0.00015634590348133503
152.0 0.0001263761875362555
153.0 0.00012142730615762596
154.0 0.00013540051230520942
155.0 0.00011002181737052502
156.0 9.261933613112088e-05
157.0 0.0001249702160943474
158.0 0.00013958959054043453
159.0 0.00012583177382568563
160.0 8.186001564252359e-05
161.0 0.00012264672425719856
162.0 9.329434052012363e-05
163.0 8.767045475249134e-05
164.0 8.726851197732134e-05
165.0 8.348137651726623e-05
166.0 9.424069700586351e-05
167.0 9.185953298771645e-05
168.0 8.145807286735358e-05
169.0 0.00011864419936430891
170.0 6.0699235033563435e-05
171.0 6.586350584502753e-05
172.0 6.329578848454504e-05
173.0 5.072855377886966e-05
174.0 5.351166057218671e-05
175.0 6.929278093684823e-05
176.0 3.6539958198451665e-05
177.0 8.647987274341783e-05
178.0 6.531909213445766e-05
179.0 7.810171627296758e-05
180.0 4.1159815299345895e-05
181.0 3.956729051510237e-05
182.0 5.2321078563113185e-05
183.0 5.069971768837056e-05
184.0 7.488783061398142e-05
185.0 5.253646799594774e-05
186.0 3.3943404747470074e-05
187.0 2.5134469411350726e-05
188.0 1.3973206147583434e-05
189.0 1.2782624138509918e-05
190.0 1.8162284382808558e-05
191.0 2.534985884418528e-05
192.0 1.837767381564311e-05
193.0 2.2782141483702785e-05
194.0 4.189078235225121e-06
195.0 2.116078060896016e-05
196.0 4.437370095833205e-05
197.0 4.71568077516491e-05
198.0 1.837767381564311e-05
199.0 1.2782624138509918e-05
200.0 2.5565248277019837e-05
201.0 2.1376170041794715e-05
202.0 1.2782624138509918e-05
203.0 2.2782141483702785e-05
204.0 1.6971702373735037e-05
205.0 0.0
206.0 2.996971594507951e-05
207.0 1.6971702373735037e-05
208.0 2.1376170041794715e-05
209.0 0.0
210.0 1.2567234705675363e-05
211.0 4.189078235225121e-06
212.0 0.0
213.0 0.0
214.0 1.7187091806569593e-05
215.0 1.7187091806569593e-05
216.0 2.1376170041794715e-05
217.0 1.405971441908072e-06
218.0 4.189078235225121e-06
219.0 8.378156470450242e-06
220.0 8.593545903284796e-06
221.0 8.593545903284796e-06
222.0 0.0
223.0 0.0
224.0 0.0
225.0 0.0
226.0 0.0
227.0 0.0
228.0 8.593545903284796e-06
229.0 0.0
230.0 4.189078235225121e-06
231.0 0.0
232.0 0.0
233.0 0.0
234.0 0.0
235.0 0.0
236.0 0.0
237.0 0.0
238.0 0.0
239.0 0.0
240.0 0.0
