0.0 4.1857116546955315e-06
1.0 7.02132798588994e-06
2.0 2.098272854715452e-05
3.0 3.777974543961352e-05
4.0 4.4773988288665016e-05
5.0 6.429828096496469e-05
6.0 0.0001034822920017562
7.0 0.00010213219667825507
8.0 0.00011328506604516367
9.0 0.00013443043307015116
10.0 0.0001640555639518834
11.0 0.0001835256863545062
12.0 0.0001686478079727601
13.0 0.00015265880069662656
14.0 0.0001888445569243907
15.0 0.00023116237611120406
16.0 0.00021574253967908462
17.0 0.000240211310811963
18.0 0.00022937866328468333
19.0 0.00026389410234931737
20.0 0.000261058486018123
21.0 0.0002802305442587207
22.0 0.00025087626474537273
23.0 0.0003126371211979705
24.0 0.00026635039910797144
25.0 0.00032828735598080676
26.0 0.0002843348728460986
27.0 0.00036591795848021875
28.0 0.00035165849375692903
29.0 0.0003530898444909455
30.0 0.0003603008960915068
31.0 0.00038266080509900087
32.0 0.00037501613599541994
33.0 0.0003443931442258885
34.0 0.0003895465797438963
35.0 0.00040901657448971676
36.0 0.0003781770292822802
37.0 0.0004096807180002555
38.0 0.00044123355547109747
39.0 0.00041563149776622783
40.0 0.0004443943211011555
41.0 0.0004509279889671513
42.0 0.000536371509300301
43.0 0.0004842238309332418
44.0 0.00048711361753811305
45.0 0.0005229251093093737
46.0 0.0005146349414104981
47.0 0.0005351300098377584
48.0 0.0005212768221670452
49.0 0.0005660508104557103
50.0 0.0006405314403502275
51.0 0.0005960553885667853
52.0 0.0006031530445039559
53.0 0.0006564661496958819
54.0 0.0005825226780493056
55.0 0.0006155796812430848
56.0 0.0006077452885248325
57.0 0.0006744234106403683
58.0 0.0005389360189495065
59.0 0.0005772036798226189
60.0 0.0006283807100955197
61.0 0.0005774204885741287
62.0 0.0006108163583227805
63.0 0.0005954321751058966
64.0 0.0006583261904736834
65.0 0.0005494704746579587
66.0 0.0006380750159347711
67.0 0.0006633248392039388
68.0 0.0005854666349278538
69.0 0.000690624299208777
70.0 0.0006267596357468319
71.0 0.0006647834027315961
72.0 0.0006554141185344057
73.0 0.0007253978264497512
74.0 0.0007083971469682336
75.0 0.0006234362316389411
76.0 0.0005753437667016198
77.0 0.0006643635024845857
78.0 0.0006469294272184264
79.0 0.0006208986794697718
80.0 0.000652131644476165
81.0 0.000641908620810567
82.0 0.0006027787800474524
83.0 0.0006708564956145361
84.0 0.0006163065631056974
85.0 0.0005475515914608505
86.0 0.00057350108379899
87.0 0.0005726116911153468
88.0 0.0006026162692264218
89.0 0.0005587315459645976
90.0 0.0005120162614876158
91.0 0.0004907896390521129
92.0 0.000508828283063917
93.0 0.0005623532695481182
94.0 0.0005266231608441752
95.0 0.00040529182078848395
96.0 0.0005595042853360945
97.0 0.0004763134932341159
98.0 0.0004736674728607905
99.0 0.0004290561230499584
100.0 0.00041868417816253676
101.0 0.0003900617079710359
102.0 0.0004373461632920318
103.0 0.0003955162595387173
104.0 0.0004186570930256984
105.0 0.0004623891603849612
106.0 0.00037715233857124733
107.0 0.00039195388900171275
108.0 0.00034933787799607186
109.0 0.0003675392881425112
110.0 0.00036416664122017805
111.0 0.00041229124641037476
112.0 0.00033375553074292187
113.0 0.00029162743517077987
114.0 0.00036478492722183213
115.0 0.0002955963380739656
116.0 0.0003452607622023348
117.0 0.00028212272528939754
118.0 0.00028468736259540525
119.0 0.00020669866009436267
120.0 0.0002929012025430003
121.0 0.00023308176993552167
122.0 0.00027183216346929356
123.0 0.0002719948019471265
124.0 0.0002551164019873499
125.0 0.0002452594576702655
126.0 0.0001926830892594212
127.0 0.00023748429034172702
128.0 0.00024031146625132688
129.0 0.00019254766357522905
130.0 0.00020899231837518371
131.0 0.00015609080066547585
132.0 0.00018817222830586213
133.0 0.00014147897384968186
134.0 0.00024985170169114225
135.0 0.00015218978529197633
136.0 0.00016165369278051093
137.0 0.00016929836188409188
138.0 0.00015309254585644852
139.0 0.0001416416123275148
140.0 0.00011053083278128691
141.0 0.00010956018468712853
142.0 0.00011812133161119098
143.0 0.00012489876570873266
144.0 9.959477216588811e-05
145.0 9.740958208922311e-05
146.0 0.00010883343048131842
147.0 0.00010097195262622766
148.0 0.00012833063802077964
149.0 0.00010974990830179991
150.0 9.997421939523087e-05
151.0 0.00010135139985557042
152.0 7.46702258523863e-05
153.0 7.442633196403805e-05
154.0 4.050702122345419e-05
155.0 6.886343984900299e-05
156.0 4.9068168147516634e-05
157.0 7.321178998153144e-05
158.0 3.675492707177827e-05
159.0 6.78927917548446e-05
160.0 4.7690987687177073e-05
161.0 5.6035325859729704e-05
162.0 3.2325321528734504e-05
163.0 4.788071130184845e-05
164.0 3.694465068644965e-05
165.0 2.9516790334378532e-05
166.0 2.233282387065565e-05
167.0 5.787320895992731e-05
168.0 3.348569323756425e-05
169.0 4.6910063207690075e-05
170.0 1.95513778131381e-05
171.0 1.8363920967469923e-05
172.0 1.3961400561264581e-05
173.0 7.602032117588742e-05
174.0 2.9733599085888334e-05
175.0 1.2773943715596403e-05
176.0 9.77568890656905e-06
177.0 1.6742846618782126e-05
178.0 8.371423309391063e-06
179.0 2.1145367024987464e-05
180.0 5.589977251873519e-06
181.0 1.2773943715596403e-05
182.0 3.391931074058387e-05
183.0 8.371423309391063e-06
184.0 8.58823206090087e-06
185.0 2.0928558273477662e-05
186.0 1.2773943715596403e-05
187.0 1.3961400561264581e-05
188.0 8.58823206090087e-06
189.0 0.0
190.0 0.0
191.0 1.536566615844257e-05
192.0 8.371423309391063e-06
193.0 9.992497658078858e-06
194.0 8.58823206090087e-06
195.0 8.371423309391063e-06
196.0 1.6742846618782126e-05
197.0 4.1857116546955315e-06
198.0 8.371423309391063e-06
199.0 8.371423309391063e-06
200.0 0.0
201.0 1.2773943715596403e-05
202.0 0.0
203.0 0.0
204.0 0.0
205.0 8.58823206090087e-06
206.0 4.1857116546955315e-06
207.0 4.1857116546955315e-06
208.0 8.58823206090087e-06
209.0 0.0
210.0 8.371423309391063e-06
211.0 8.58823206090087e-06
212.0 0.0
213.0 8.58823206090087e-06
214.0 8.58823206090087e-06
215.0 0.0
216.0 0.0
217.0 0.0
218.0 0.0
219.0 0.0
220.0 0.0
221.0 0.0
222.0 0.0
223.0 0.0
224.0 0.0
225.0 0.0
226.0 0.0
227.0 0.0
228.0 0.0
229.0 0.0
230.0 0.0
231.0 0.0
232.0 0.0
233.0 0.0
234.0 0.0
235.0 0.0
236.0 0.0
237.0 0.0
238.0 0.0
239.0 0.0
240.0 0.0
