0.0 5.595115154515272e-06
1.0 1.2595846024938742e-05
2.0 3.216507521118343e-05
3.0 3.2219770629418464e-05
4.0 7.40874173063717e-05
5.0 4.7654195795291115e-05
6.0 9.241511703141329e-05
7.0 7.719204979738692e-05
8.0 8.684734958601552e-05
9.0 0.00011638520358811133
10.0 0.00010930985333142915
11.0 0.00014741071643346786
12.0 0.0001403080184676682
13.0 0.00015120484771749993
14.0 0.00017257506077422783
15.0 0.00019069140256742316
16.0 0.0001763965397673774
17.0 0.00018217566514462143
18.0 0.00020892963542401834
19.0 0.00021166624746957606
20.0 0.0002592309763964208
21.0 0.00027856892368279554
22.0 0.00028572631706683024
23.0 0.0003096764796555046
24.0 0.0002534866224693881
25.0 0.0002722569620261459
26.0 0.00025645451641481573
27.0 0.00033359187079396764
28.0 0.0003754321697618034
29.0 0.0002959137235556215
30.0 0.00031254240650555607
31.0 0.0003864930852663401
32.0 0.00038238562895508566
33.0 0.0003658663368416211
34.0 0.0003827809971096606
35.0 0.0003840026026028401
36.0 0.0004900437371885489
37.0 0.00045276095810477783
38.0 0.00044109331651381975
39.0 0.00042165340213206877
40.0 0.0004539079442116986
41.0 0.0004966409465840605
42.0 0.00046957365127744114
43.0 0.000490889168915934
44.0 0.0004890409133683096
45.0 0.0005077092858296913
46.0 0.0004493976960047752
47.0 0.0005917379802427965
48.0 0.0005119734046545569
49.0 0.0005113741023092295
50.0 0.0005002858390955752
51.0 0.0006500968417448537
52.0 0.0005632103738020339
53.0 0.0006244898575723775
54.0 0.0005203871749819825
55.0 0.0004929643594568354
56.0 0.0006200143808156656
57.0 0.0006194201549561741
58.0 0.0006134097476790601
59.0 0.0006649792362425401
60.0 0.0005949672219792494
61.0 0.000628604737624726
62.0 0.0006887180408993681
63.0 0.0007208284206923166
64.0 0.0005845880105998557
65.0 0.0006931388222378452
66.0 0.0006260602891222339
67.0 0.0006662207657037432
68.0 0.0006893528442741501
69.0 0.0005790749385726929
70.0 0.0006646186395381765
71.0 0.0007014978971470356
72.0 0.000630645156715416
73.0 0.0006489927804084813
74.0 0.000662543448997275
75.0 0.0006789533502742695
76.0 0.0006822419929880135
77.0 0.0006303990273333584
78.0 0.0007261301347876331
79.0 0.0006594935119244949
80.0 0.0006884246398401693
81.0 0.0006958680105423091
82.0 0.0006524107379267188
83.0 0.0006647131828924588
84.0 0.0006622781252264368
85.0 0.0007628726538509048
86.0 0.000642489384788009
87.0 0.0006929821597242339
88.0 0.0006448032809698742
89.0 0.0006431788835810258
90.0 0.0006385592445376325
91.0 0.0006557747296059646
92.0 0.0006233901431425981
93.0 0.0005826155167335736
94.0 0.000642544080206244
95.0 0.0006096628880721693
96.0 0.000615912000990247
97.0 0.0007257938089578862
98.0 0.0006131355410086419
99.0 0.0005496242041837856
100.0 0.0006045104127493701
101.0 0.0005119112854952281
102.0 0.0005094481505408455
103.0 0.0006644596297693073
104.0 0.000635748013105816
105.0 0.0006070008954128702
106.0 0.0005319032305451653
107.0 0.0006169148248104863
108.0 0.00046547869519311647
109.0 0.0005266487881269901
110.0 0.0005346679198790836
111.0 0.00045073303924101764
112.0 0.0005671655145062702
113.0 0.0005877176435447304
114.0 0.0005316571011631077
115.0 0.0004867395174133743
116.0 0.0005320251216085652
117.0 0.000463294113815745
118.0 0.000449750868968045
119.0 0.0004960932628224673
120.0 0.0004520765357975969
121.0 0.00041291072971599006
122.0 0.00043533846201119234
123.0 0.00037629752545721213
124.0 0.0003568302633663436
125.0 0.00040845517692730164
126.0 0.0003604130367185294
127.0 0.00040225260610712214
128.0 0.00035635285208441604
129.0 0.0004078757985499979
130.0 0.0003363207004459684
131.0 0.00036003759253197803
132.0 0.00030021769031653454
133.0 0.00034070706898669715
134.0 0.00032500586089150013
135.0 0.0002861888808665701
136.0 0.00032612622886854644
137.0 0.00026410182130770786
138.0 0.00026513199283706467
139.0 0.00028298228128017866
140.0 0.00033401966314349613
141.0 0.0002914905949618866
142.0 0.0002937689901142973
143.0 0.00025166263779638037
144.0 0.00020772795389886257
145.0 0.00022071916807837638
146.0 0.00023119328146451555
147.0 0.00017935700997171117
148.0 0.00019926691189429589
149.0 0.00019205482309202616
150.0 0.00022488131980786592
151.0 0.00022509267773971218
152.0 0.00020406313741932425
153.0 0.000152732354496808
154.0 0.00018871075538080416
155.0 0.00017993638834901495
156.0 0.00015252099656496175
157.0 0.00011362124383343612
158.0 0.0002369177114235245
159.0 0.0001249681366560779
160.0 0.0001195843794334089
161.0 0.00015106068543081853
162.0 0.00013433003538550773
163.0 0.0001663849901809781
164.0 0.00011261099627210295
165.0 9.500756679028958e-05
166.0 0.00012679646823567865
167.0 9.68358983698903e-05
168.0 7.609975910870121e-05
169.0 0.00011398926427889363
170.0 0.000124169247026591
171.0 0.00011539487999480183
172.0 6.44594652268606e-05
173.0 8.307314227000714e-05
174.0 5.051269890424869e-05
175.0 9.163615136995005e-05
176.0 6.350391308376245e-05
177.0 6.026996578825352e-05
178.0 7.466679568367549e-05
179.0 3.0732111786157726e-05
180.0 4.7701467472432295e-05
181.0 4.3300610101978956e-05
182.0 5.2129672552003145e-05
183.0 4.3511968033825216e-05
184.0 6.32925551519162e-05
185.0 4.653455739748788e-05
186.0 4.6507209688370366e-05
187.0 1.2568498315821226e-05
188.0 6.05086714292173e-05
189.0 8.723529399949672e-05
190.0 4.555165754527222e-05
191.0 4.6507209688370366e-05
192.0 1.8374971402182766e-05
193.0 1.3974114031729423e-05
194.0 3.1393533290814045e-05
195.0 2.6753970279396914e-05
196.0 1.2568498315821226e-05
197.0 4.671856762021664e-05
198.0 1.4185471963575691e-05
199.0 4.1894994386070754e-06
200.0 1.3974114031729423e-05
201.0 1.999194504993723e-05
202.0 2.1370213056727914e-05
203.0 4.1894994386070754e-06
204.0 2.9537854002095798e-05
205.0 2.555971249533499e-05
206.0 4.274042611345583e-05
207.0 5.595115154515272e-06
208.0 2.1158855124881647e-05
209.0 4.1894994386070754e-06
210.0 8.378998877214151e-06
211.0 8.378998877214151e-06
212.0 1.8586329334029036e-05
213.0 2.1370213056727914e-05
214.0 1.7180713618120838e-05
215.0 4.1894994386070754e-06
216.0 4.1894994386070754e-06
217.0 0.0
218.0 4.1894994386070754e-06
219.0 0.0
220.0 1.2568498315821226e-05
221.0 8.378998877214151e-06
222.0 1.696935568627457e-05
223.0 8.590356809060419e-06
224.0 0.0
225.0 4.1894994386070754e-06
226.0 1.2779856247667495e-05
227.0 0.0
228.0 4.1894994386070754e-06
229.0 0.0
230.0 8.590356809060419e-06
231.0 8.590356809060419e-06
232.0 0.0
233.0 0.0
234.0 0.0
235.0 0.0
236.0 0.0
237.0 8.590356809060419e-06
238.0 8.590356809060419e-06
239.0 0.0
240.0 0.0
