0.0 1.4160053921485333e-06
1.0 2.3852425811371363e-05
2.0 1.9648342805956502e-05
3.0 4.7836651135834955e-05
4.0 6.323697776534585e-05
5.0 0.00010560670085638452
6.0 8.454235265827948e-05
7.0 0.00012950305983878662
8.0 0.0001378672926785856
9.0 0.0001324882309758508
10.0 0.00014499125281035899
11.0 0.00019535238253327584
12.0 0.00018043410929342212
13.0 0.00016058867296366773
14.0 0.0001974261739992045
15.0 0.00022231223019010784
16.0 0.00016037021860019503
17.0 0.00019585700825428887
18.0 0.00019424390933834248
19.0 0.00021585560493681032
20.0 0.00026022503154592396
21.0 0.0002471169507458144
22.0 0.0002758889572016193
23.0 0.0002183599341758983
24.0 0.00032553580077719846
25.0 0.0003552493416809618
26.0 0.0003073687573740961
27.0 0.00033736292997108366
28.0 0.0003401553357569851
29.0 0.0003167548085584479
30.0 0.00034677467016774546
31.0 0.00045410248563013177
32.0 0.00035982503940261646
33.0 0.00044214057783407805
34.0 0.00041713560806486475
35.0 0.00042186567763096745
36.0 0.000478482109493872
37.0 0.0005065172574709833
38.0 0.0004771947869338616
39.0 0.00041885793416254747
40.0 0.0004493309058763602
41.0 0.0004959047119728137
42.0 0.0005911035433002936
43.0 0.000520932116481505
44.0 0.0004992583811451635
45.0 0.0005830638753247495
46.0 0.0005027469665115599
47.0 0.0005586019247832639
48.0 0.000564267157843539
49.0 0.0005425889567426845
50.0 0.0006120116144646774
51.0 0.0006046755709232174
52.0 0.0005596676762988476
53.0 0.000564420318196306
54.0 0.0005356834509743839
55.0 0.000644538921994017
56.0 0.0005622812327196719
57.0 0.0006370647079856788
58.0 0.0006892575285798925
59.0 0.0006755592411081925
60.0 0.0006989554401340946
61.0 0.0007396197322026123
62.0 0.0006286126088038182
63.0 0.0005853046055376531
64.0 0.0006215551541744314
65.0 0.0006209414388635598
66.0 0.0006267874264781852
67.0 0.0007030930176371229
68.0 0.0006309701486439253
69.0 0.0006312025189934836
70.0 0.0006195554506563565
71.0 0.0007012388920263478
72.0 0.0007685085482856208
73.0 0.0008299642768963644
74.0 0.0006517858877017345
75.0 0.0007154020626287873
76.0 0.0007074030735514422
77.0 0.0006531216091972887
78.0 0.0006317798835787915
79.0 0.0006806822862302099
80.0 0.0007437605639784726
81.0 0.0006104894985717465
82.0 0.0007523670350047812
83.0 0.0007506478255880526
84.0 0.0007217195420985264
85.0 0.0006979944500357344
86.0 0.0006966663109856474
87.0 0.0006390676657765857
88.0 0.0007938241669330034
89.0 0.0006959935350259785
90.0 0.0007338936708961446
91.0 0.0005878761339767198
92.0 0.0007936301900901597
93.0 0.0005892707785291934
94.0 0.0007222410628947014
95.0 0.0007025487869177143
96.0 0.0006095104019065436
97.0 0.0008289412470601305
98.0 0.000645062485571343
99.0 0.0006442301783051209
100.0 0.0005884642978671592
101.0 0.0007203643649525706
102.0 0.0006986680572848734
103.0 0.0006544216362517039
104.0 0.0006807206797369246
105.0 0.0007726481685698
106.0 0.0005530245580650503
107.0 0.0006387451436934817
108.0 0.0006115390487097604
109.0 0.000550565373488674
110.0 0.0006676157156177693
111.0 0.0005139859318150056
112.0 0.00048324731829385743
113.0 0.0005790331020200957
114.0 0.0005871167031666704
115.0 0.0005683402726253317
116.0 0.0005597124407593483
117.0 0.0006389591322924414
118.0 0.0005926521794950043
119.0 0.0005725261114720258
120.0 0.0005194999097117868
121.0 0.0005367104287810418
122.0 0.0005399591989442905
123.0 0.0005729855925303271
124.0 0.0005449247555409058
125.0 0.0005346442197605803
126.0 0.0006291595760019701
127.0 0.0005482129931106722
128.0 0.000515624719743262
129.0 0.0004822242884576236
130.0 0.00047329892982325407
131.0 0.00044859162441430474
132.0 0.00044761373924078265
133.0 0.00044573704129865176
134.0 0.0004376320793124021
135.0 0.0004478108327645805
136.0 0.00041419194711546934
137.0 0.00044735772266006526
138.0 0.0004248484257846698
139.0 0.0003942448660494458
140.0 0.0003920844197331366
141.0 0.00033705851445482265
142.0 0.00039539727241540986
143.0 0.0004242421553273875
144.0 0.0003685596754669743
145.0 0.00033198577345762203
146.0 0.0004000790806378468
147.0 0.00037189510048060345
148.0 0.0003323360273341869
149.0 0.00029625795710869955
150.0 0.0003553594001521682
151.0 0.0003038338158533072
152.0 0.0002968492376800931
153.0 0.0002743249509188088
154.0 0.00032553337779383645
155.0 0.0002791127320501501
156.0 0.00023629111034627722
157.0 0.00028976921071935044
158.0 0.00022334996829314257
159.0 0.0002660699452607462
160.0 0.0002787261274480215
161.0 0.00023452485107756374
162.0 0.00020886223282644815
163.0 0.00026430368599203273
164.0 0.0002236305999863668
165.0 0.00020394265218201464
166.0 0.0002021763929133012
167.0 0.0001736164698671829
168.0 0.0001665364429064402
169.0 0.00022579104630267595
170.0 0.00021372289041396216
171.0 0.00012586768507340943
172.0 0.0001578433170297512
173.0 0.0001710468466173893
174.0 0.0001696747743962715
175.0 0.00013623920387675046
176.0 0.00015128494845706133
177.0 0.00021829547145466274
178.0 0.0001259769122551458
179.0 0.00010754748131753997
180.0 0.00011297047619130553
181.0 0.00010173029939617875
182.0 0.00012987467455502646
183.0 0.00013194725452927414
184.0 6.452118364440216e-05
185.0 0.00013530092370162401
186.0 0.0001357571504870933
187.0 0.00011336466323890123
188.0 0.00017144103366498498
189.0 0.0001167803721491247
190.0 0.0001545807684722948
191.0 4.3851022493892813e-05
192.0 0.00011517485567864544
193.0 0.00010530675110463645
194.0 4.668303327818988e-05
195.0 0.00014460343671654946
196.0 6.64845364369135e-05
197.0 7.949097250075375e-05
198.0 5.847055747367946e-05
199.0 5.925134912340372e-05
200.0 7.548398301913675e-05
201.0 7.949097250075375e-05
202.0 3.3676597214349616e-05
203.0 3.6661768351413784e-05
204.0 5.984262969479725e-05
205.0 6.247754695529648e-05
206.0 7.127990001372188e-05
207.0 3.6661768351413784e-05
208.0 5.807637042608377e-05
209.0 4.247895027277503e-05
210.0 4.849322571793411e-05
211.0 1.2612249016244577e-05
212.0 3.964693948847796e-05
213.0 2.962567456170186e-05
214.0 3.54428564830631e-05
215.0 3.6858861875211626e-05
216.0 2.8100441987816964e-05
217.0 4.263211062554213e-05
218.0 3.4026851090914564e-05
219.0 1.4225347932190956e-05
220.0 3.8625121143925116e-05
221.0 2.5421591556287e-05
222.0 1.4160053921485333e-06
223.0 1.4160053921485333e-06
224.0 1.2809342540042423e-05
225.0 2.1414602074669988e-05
226.0 3.1435867001446087e-05
227.0 4.263211062554213e-05
228.0 1.2809342540042423e-05
229.0 1.2809342540042423e-05
230.0 5.620088397563392e-06
231.0 0.0
232.0 0.0
233.0 8.408166010829718e-06
234.0 4.204083005414859e-06
235.0 0.0
236.0 8.408166010829718e-06
237.0 0.0
238.0 4.204083005414859e-06
239.0 8.408166010829718e-06
240.0 0.0
