0.0 5.615147265833599e-06
1.0 1.1230294531667197e-05
2.0 3.2423196461315855e-05
3.0 6.878050179917661e-05
4.0 6.17625781583416e-05
5.0 8.730294022013811e-05
6.0 8.983427272168162e-05
7.0 0.00010246330186252223
8.0 9.544537822168722e-05
9.0 0.00011524358730799046
10.0 0.00010947718373752926
11.0 0.00016155945827800469
12.0 0.00014458296900501618
13.0 0.00013756100359835322
14.0 0.00018681751655968593
15.0 0.0002205084001546875
16.0 0.00019370439272503324
17.0 0.00025306264409149105
18.0 0.00022892910017052392
19.0 0.00021362556575516817
20.0 0.00023439299113172987
21.0 0.00026135633839766777
22.0 0.000281150505718143
23.0 0.00021628390396637135
24.0 0.00025725884791901127
25.0 0.00028227502007885705
26.0 0.000272578549397679
27.0 0.00030596287861759736
28.0 0.0003246689074698104
29.0 0.00036395877126733364
30.0 0.0003094883369982863
31.0 0.0003906115223923603
32.0 0.00041729660764401084
33.0 0.0003174956857585198
34.0 0.00042039658947161287
35.0 0.00040966225975095456
36.0 0.00036941862046271164
37.0 0.00043693143512820245
38.0 0.0004696288518379777
39.0 0.00038509913024121844
40.0 0.0004647329512089112
41.0 0.00047625767481817763
42.0 0.0004322417709922927
43.0 0.0005413823297550967
44.0 0.00044226427861392077
45.0 0.00044536021867569485
46.0 0.0005125947713268984
47.0 0.00047062231872320405
48.0 0.00046780868244154534
49.0 0.00048591372784107586
50.0 0.0004793131972216718
51.0 0.0005370267860912928
52.0 0.0004801392407389587
53.0 0.0004688968209098075
54.0 0.0005601063039094679
55.0 0.0005325038190595495
56.0 0.0005158136753325042
57.0 0.0005944095699908626
58.0 0.0005424947188183267
59.0 0.0006195365807970563
60.0 0.0005619782899978909
61.0 0.0005613699492773256
62.0 0.000581338897233623
63.0 0.0005143866483625349
64.0 0.0006355317284823022
65.0 0.0006422915989379898
66.0 0.0006097050208745625
67.0 0.0007068880222071303
68.0 0.0006669850496594404
69.0 0.0005618391589907472
70.0 0.0005919770181080371
71.0 0.0006098401101158781
72.0 0.0005749098317479866
73.0 0.00063794818057167
74.0 0.0005890363761167185
75.0 0.0006090423589593871
76.0 0.0005795517209577338
77.0 0.0006489082966207059
78.0 0.0005476042804782869
79.0 0.0006010101006102667
80.0 0.0005721366131246078
81.0 0.000663266865340771
82.0 0.000597394671406289
83.0 0.0005734325926190893
84.0 0.0005846007234001281
85.0 0.0005718745181736325
86.0 0.0005530381008398507
87.0 0.0004342933057461393
88.0 0.00046685967498042677
89.0 0.000537349507529688
90.0 0.0004116733768465213
91.0 0.0005102510710224344
92.0 0.0004694152580769382
93.0 0.0004755748040738624
94.0 0.0005211512868478237
95.0 0.0004602793531901626
96.0 0.0004427342145911156
97.0 0.00041102284022882996
98.0 0.0003617380349067013
99.0 0.0003920789670206095
100.0 0.0003572676108307217
101.0 0.00038841503662669595
102.0 0.0004259008980910988
103.0 0.0003912529235033226
104.0 0.00036211911930553447
105.0 0.0003179534964382306
106.0 0.0003348110635332153
107.0 0.0003655451380735866
108.0 0.00024088334209870527
109.0 0.0003422463801954813
110.0 0.0003522211128909467
111.0 0.00034618857260368223
112.0 0.00026011694362477794
113.0 0.00033397693648427255
114.0 0.0002535447053661698
115.0 0.00025312327057891085
116.0 0.0002674252545773842
117.0 0.00020946573782009982
118.0 0.00027164166723404437
119.0 0.00020524932516343962
120.0 0.0002535447053661698
121.0 0.00028302725983616716
122.0 0.0002209783361318823
123.0 0.00018881319285571382
124.0 0.0001746503398643841
125.0 0.00021802556884307987
126.0 0.000155976645138795
127.0 0.0001293036851846284
128.0 0.00012804003981677065
129.0 0.0001308496343326014
130.0 0.0001492288999805913
131.0 0.00011975442904224991
132.0 0.00016116697484546072
133.0 0.00021017351815330203
134.0 0.00013913524510712218
135.0 0.0001566803837061692
136.0 0.00010136707986260405
137.0 9.855748534677324e-05
138.0 0.00013520517799640527
139.0 0.00012691956722188453
140.0 0.00012578696932951446
141.0 0.0001026307252304618
142.0 6.766811273594648e-05
143.0 8.32539509314175e-05
144.0 0.00011414736530807227
145.0 0.00011975847080807788
146.0 8.592441444010464e-05
147.0 7.609285451761086e-05
148.0 7.342239100892371e-05
149.0 4.380474729761066e-05
150.0 4.352648528332337e-05
151.0 4.239792915678128e-05
152.0 9.785844753914608e-05
153.0 2.9482554469997385e-05
154.0 4.085602177463622e-05
155.0 2.9486596235825373e-05
156.0 2.9764858250112677e-05
157.0 3.959237640677848e-05
158.0 1.8252259938330186e-05
159.0 2.4006538211307438e-05
160.0 3.791133801748977e-05
161.0 3.664365088380403e-05
162.0 1.4039889047497992e-05
163.0 2.2603761836306036e-05
164.0 2.555248735928048e-05
165.0 5.0822670938445666e-05
166.0 3.678278189094768e-05
167.0 8.563872788808044e-06
168.0 4.212370890832196e-06
169.0 3.397722914094487e-05
170.0 2.1200985461304634e-05
171.0 8.424741781664392e-06
172.0 1.2637112672496588e-05
173.0 1.277624367964024e-05
174.0 8.424741781664392e-06
175.0 9.827518156665796e-06
176.0 1.6988614570472435e-05
177.0 5.615147265833599e-06
178.0 2.555248735928048e-05
179.0 8.424741781664392e-06
180.0 1.8252259938330186e-05
181.0 2.2742892843449686e-05
182.0 5.615147265833599e-06
183.0 1.277624367964024e-05
184.0 8.563872788808044e-06
185.0 0.0
186.0 5.615147265833599e-06
187.0 0.0
188.0 4.212370890832196e-06
189.0 1.712774557761609e-05
190.0 8.563872788808044e-06
191.0 4.212370890832196e-06
192.0 0.0
193.0 0.0
194.0 4.212370890832196e-06
195.0 0.0
196.0 8.563872788808044e-06
197.0 0.0
198.0 4.212370890832196e-06
199.0 4.212370890832196e-06
200.0 0.0
201.0 0.0
202.0 0.0
203.0 0.0
204.0 8.563872788808044e-06
205.0 0.0
206.0 0.0
207.0 0.0
208.0 0.0
209.0 4.212370890832196e-06
210.0 0.0
211.0 0.0
212.0 0.0
213.0 0.0
214.0 8.563872788808044e-06
215.0 0.0
216.0 0.0
217.0 0.0
218.0 0.0
219.0 8.563872788808044e-06
220.0 0.0
221.0 0.0
222.0 0.0
223.0 0.0
224.0 0.0
225.0 0.0
226.0 0.0
227.0 0.0
228.0 0.0
229.0 0.0
230.0 0.0
231.0 0.0
232.0 0.0
233.0 0.0
234.0 0.0
235.0 0.0
236.0 0.0
237.0 0.0
238.0 0.0
239.0 0.0
240.0 0.0
