0.0 0.0
1.0 1.2609618242475083e-05
2.0 4.7793679238181435e-05
3.0 5.0325939974781954e-05
4.0 4.47654280317835e-05
5.0 8.12411506425109e-05
6.0 8.944645631722824e-05
7.0 9.368717339642606e-05
8.0 0.00011050937546931937
9.0 0.0001219857235812157
10.0 0.00012443878857559506
11.0 0.00012182212809265579
12.0 0.00018354522043711295
13.0 0.000156786327102243
14.0 0.00020760825754682238
15.0 0.00017644505164419473
16.0 0.00020446747334530607
17.0 0.00021542490174274303
18.0 0.0002353878880171527
19.0 0.000238388005974771
20.0 0.0002400964623173683
21.0 0.00023654408739239336
22.0 0.0003115135890985091
23.0 0.00033199077962485827
24.0 0.00031048813650052896
25.0 0.0002799053208140375
26.0 0.000338352166717198
27.0 0.00034608899222381156
28.0 0.0003178133712836838
29.0 0.00039528686607213237
30.0 0.0003721882996003241
31.0 0.00037356436096168394
32.0 0.00029435885763889023
33.0 0.0003950899333306752
34.0 0.0003797333963695982
35.0 0.00038157211094785816
36.0 0.000455971630446073
37.0 0.0004450886823283374
38.0 0.00044115222698159736
39.0 0.00045725795365148827
40.0 0.0004234780872659213
41.0 0.0004876771738494198
42.0 0.00047124883725944077
43.0 0.00045695369191903033
44.0 0.0004505465807428549
45.0 0.0005109170295122121
46.0 0.0005248464426184877
47.0 0.0005546335871597555
48.0 0.0005231936298263636
49.0 0.0005899760396399042
50.0 0.000502683590588715
51.0 0.0006096681014347531
52.0 0.0005120674019362492
53.0 0.0005486104219998569
54.0 0.0005265548989610849
55.0 0.000613581627536831
56.0 0.0005816967422270833
57.0 0.0005513062782250172
58.0 0.0005528459350749371
59.0 0.0005955136223382407
60.0 0.0005864903392207237
61.0 0.0006043555847266533
62.0 0.000612312895166472
63.0 0.000668752226998695
64.0 0.0006176254118745718
65.0 0.0006413789832477058
66.0 0.0006822412931856465
67.0 0.0006140213515090692
68.0 0.0006223287821706697
69.0 0.0006165765414903318
70.0 0.0005165338079527697
71.0 0.0005518304019435943
72.0 0.0006541803302275202
73.0 0.0005860447882972818
74.0 0.0006099108926655342
75.0 0.0006014857250046978
76.0 0.000701201890512226
77.0 0.0005714557892326488
78.0 0.0005646265449192914
79.0 0.0005253705663370646
80.0 0.0005517407981931379
81.0 0.0005877205303340679
82.0 0.0005407041740534798
83.0 0.0005481315338235178
84.0 0.0005709264615099542
85.0 0.0005719413716942111
86.0 0.000548351395809637
87.0 0.0005281966807978878
88.0 0.0005472233296831758
89.0 0.0005703173150979525
90.0 0.000523549576999349
91.0 0.0005364811822148262
92.0 0.0004069555658684542
93.0 0.0005646953326532773
94.0 0.0005016342316628773
95.0 0.00048116991650906454
96.0 0.0005142620636874944
97.0 0.0004175518430887881
98.0 0.00040378602547107235
99.0 0.0004105871365356502
100.0 0.00045353629069223796
101.0 0.0004138921391728124
102.0 0.0004369855016405031
103.0 0.00040920587117017283
104.0 0.0003764514573825861
105.0 0.00034360258997653495
106.0 0.0004235468749999072
107.0 0.0003331136417472017
108.0 0.00033206477136296176
109.0 0.0003393056063997779
110.0 0.0003058300017466689
111.0 0.00033460223610367993
112.0 0.00031232685107878896
113.0 0.000294021258653535
114.0 0.0002635176387092648
115.0 0.00029454017836799446
116.0 0.0003270513123832023
117.0 0.0003366889459168387
118.0 0.0002676176895445646
119.0 0.00030175288015603103
120.0 0.00022687311660585978
121.0 0.00023424941388245626
122.0 0.0002967112879274919
123.0 0.0002861654502535136
124.0 0.0001847806155545748
125.0 0.00021629914568310188
126.0 0.00015546132823432478
127.0 0.00023898091742733388
128.0 0.00017770337600631853
129.0 0.00022042732976718134
130.0 0.000158625041680503
131.0 0.00012448985106903662
132.0 0.00014601542343802793
133.0 0.00012490144179249526
134.0 0.00017161811739765714
135.0 0.00010931983884118143
136.0 0.00013654658939706916
137.0 0.00011094389543743995
138.0 0.00011347615617404047
139.0 0.0001072889069839841
140.0 0.00010136252840136281
141.0 8.60289206849477e-05
142.0 8.974551404556848e-05
143.0 0.0001151283460190786
144.0 4.330496692408491e-05
145.0 0.00010111453316646408
146.0 7.83483616758933e-05
147.0 6.722733778989641e-05
148.0 6.023449798797896e-05
149.0 5.907829861273826e-05
150.0 6.2050283321577e-05
151.0 5.605004740634033e-05
152.0 7.000759376139564e-05
153.0 5.927002735007778e-05
154.0 7.34474356912522e-05
155.0 7.57879676905132e-05
156.0 4.487275702278424e-05
157.0 4.80927369665217e-05
158.0 2.79150927101106e-05
159.0 8.641237815962674e-05
160.0 4.090816842726474e-05
161.0 3.0915210667728946e-05
162.0 4.765301299428347e-05
163.0 4.371655764754355e-05
164.0 3.831964119310504e-05
165.0 3.9532107065904916e-05
166.0 2.27661714905708e-05
167.0 2.9291154071470417e-05
168.0 1.717752629879276e-05
169.0 2.8134954696229724e-05
170.0 1.836185892281305e-05
171.0 1.2773213731035011e-05
172.0 1.2553351744915892e-05
173.0 1.2773213731035011e-05
174.0 2.9730878043708652e-05
175.0 2.9291154071470417e-05
176.0 2.5546427462070022e-05
177.0 2.254630950445168e-05
178.0 4.184450581638631e-06
179.0 4.184450581638631e-06
180.0 2.9730878043708652e-05
181.0 9.773095773416671e-06
182.0 2.9730878043708652e-05
183.0 8.58876314939638e-06
184.0 0.0
185.0 0.0
186.0 4.184450581638631e-06
187.0 1.6737802326554525e-05
188.0 0.0
189.0 1.2553351744915892e-05
190.0 4.184450581638631e-06
191.0 0.0
192.0 1.6957664312673644e-05
193.0 8.368901163277262e-06
194.0 4.184450581638631e-06
195.0 1.2773213731035011e-05
196.0 8.368901163277262e-06
197.0 4.184450581638631e-06
198.0 1.6957664312673644e-05
199.0 4.184450581638631e-06
200.0 8.58876314939638e-06
201.0 1.4041946101394085e-06
202.0 0.0
203.0 8.58876314939638e-06
204.0 0.0
205.0 0.0
206.0 0.0
207.0 0.0
208.0 0.0
209.0 0.0
210.0 0.0
211.0 8.58876314939638e-06
212.0 4.184450581638631e-06
213.0 0.0
214.0 0.0
215.0 4.184450581638631e-06
216.0 0.0
217.0 0.0
218.0 0.0
219.0 4.184450581638631e-06
220.0 0.0
221.0 0.0
222.0 0.0
223.0 0.0
224.0 0.0
225.0 0.0
226.0 0.0
227.0 0.0
228.0 0.0
229.0 0.0
230.0 0.0
231.0 0.0
232.0 0.0
233.0 0.0
234.0 0.0
235.0 0.0
236.0 0.0
237.0 0.0
238.0 0.0
239.0 0.0
240.0 0.0
