0.0 0.004750935398290104
1.0 0.003824773289875429
2.0 0.0027401801670926184
3.0 0.002280422487137572
4.0 0.001822144213551713
5.0 0.0014988015168956633
6.0 0.0010172692037090755
7.0 0.0008298990153209727
8.0 0.0007179377481426734
9.0 0.0004954122532480855
10.0 0.000482490657622368
11.0 0.0002830460063359163
12.0 0.00030082028339256813
13.0 0.00015768990082050096
14.0 0.00019276001969372987
15.0 0.00017182348090265373
16.0 9.700138591525692e-05
17.0 7.733599513871684e-05
18.0 7.036503296587772e-05
19.0 4.677735823991451e-05
20.0 6.47788023185829e-05
21.0 3.8201612927304474e-05
22.0 2.81299243807385e-05
23.0 4.567005691355955e-05
24.0 2.9876686909269753e-05
25.0 1.4050764251493219e-05
26.0 1.4247163593161042e-05
27.0 2.82151120139947e-06
28.0 8.407741848694278e-06
29.0 1.2611612773041417e-05
30.0 4.203870924347139e-06
31.0 7.0253821257466095e-06
32.0 9.818497449394014e-06
33.0 5.614626525046874e-06
34.0 4.203870924347139e-06
35.0 0.0
36.0 0.0
37.0 0.0
38.0 0.0
39.0 5.614626525046874e-06
40.0 0.0
41.0 0.0
42.0 0.0
43.0 0.0
44.0 0.0
45.0 0.0
46.0 0.0
47.0 0.0
