0.0 0.004384204773955395
1.0 0.003591331121740117
2.0 0.0027766119157941753
3.0 0.0021686736953170213
4.0 0.0019300564216899777
5.0 0.0016290451052352693
6.0 0.001169088896028768
7.0 0.0011065588493223563
8.0 0.0008297626758658435
9.0 0.0007520231108268002
10.0 0.0006223946809677105
11.0 0.0005250308461092517
12.0 0.0003915820200184827
13.0 0.00037880697369741884
14.0 0.00026324330436258844
15.0 0.0002605764564796488
16.0 0.00024064485476555996
17.0 0.00019156414288319274
18.0 0.0001486147156729807
19.0 0.00011938918319399732
20.0 8.56739432049287e-05
21.0 7.290401451135253e-05
22.0 5.473918022074204e-05
23.0 3.3522981930945336e-05
24.0 6.443153526973833e-05
25.0 3.0768714571457074e-05
26.0 4.530029306102391e-05
27.0 2.812807633391104e-05
28.0 5.2290800041319274e-05
29.0 2.2540912678753487e-05
30.0 3.921263713928857e-05
31.0 4.183820330019748e-06
32.0 1.2769928693576182e-05
33.0 2.694320071229017e-05
34.0 1.4173272018713989e-05
35.0 1.4033433251378084e-06
36.0 6.990506980295365e-06
37.0 2.8066866502756167e-06
38.0 0.0
39.0 0.0
40.0 4.183820330019748e-06
41.0 8.586108363556434e-06
42.0 1.4033433251378084e-06
43.0 0.0
44.0 0.0
45.0 0.0
46.0 0.0
47.0 0.0
