0.0 0.005736012332269045
1.0 0.004915428103887602
2.0 0.004979851878303238
3.0 0.004812154081437828
4.0 0.0046538765404175305
5.0 0.004338902148636779
6.0 0.00394946432728645
7.0 0.003720277381599772
8.0 0.0035509460689631097
9.0 0.003460510652665034
10.0 0.003359700361058293
11.0 0.0029567511706589415
12.0 0.0029090350483456334
13.0 0.002798463211220293
14.0 0.0026607868630658827
15.0 0.0024621672558971935
16.0 0.002358897429500735
17.0 0.002018651802077358
18.0 0.0019715295188034326
19.0 0.001895506082964442
20.0 0.0019369480710156608
21.0 0.0016615847212231368
22.0 0.0015627214424397426
23.0 0.001516170270469807
24.0 0.0013106554555694027
25.0 0.0013098838405329034
26.0 0.0011533524980545987
27.0 0.001123826467932988
28.0 0.0007818905914329377
29.0 0.0008523200183179888
30.0 0.0007558042110482104
31.0 0.0005700900413100115
32.0 0.0005111600592956595
33.0 0.00046469942284176036
34.0 0.0004227920250225095
35.0 0.00028236199362835767
36.0 0.0002046336584803195
37.0 0.00023671091036200917
38.0 0.00015285776717281478
39.0 0.00013382881926618528
40.0 5.5254768308769846e-05
41.0 5.534343709494556e-05
42.0 4.8287233617298365e-05
43.0 4.577023883808954e-05
44.0 4.235924024466698e-06
45.0 2.283866040232249e-05
46.0 0.0
47.0 0.0
