0.0 0.005773994371694757
1.0 0.005093137759936375
2.0 0.005062317750802577
3.0 0.00476656935966191
4.0 0.004650557201207442
5.0 0.003953756968763952
6.0 0.0042350716884169085
7.0 0.0037448667675366067
8.0 0.0037632487085095304
9.0 0.0033685994776317565
10.0 0.0033955812956871995
11.0 0.003021165948240775
12.0 0.0029084131612417885
13.0 0.002758671109200972
14.0 0.0027163494942906573
15.0 0.0024948995715144582
16.0 0.0022214649464060814
17.0 0.0022090107536268558
18.0 0.0021586300359348193
19.0 0.0019415814058256968
20.0 0.0016693026735236983
21.0 0.001581263793246247
22.0 0.0015252587370000034
23.0 0.0012976315591458076
24.0 0.001163070152740819
25.0 0.0011066516110094617
26.0 0.001062959941215966
27.0 0.0010027610042188631
28.0 0.0009914039068584057
29.0 0.0007586861342844366
30.0 0.0006739842782931744
31.0 0.0006185012171220308
32.0 0.0005243977819093856
33.0 0.0005320810708152693
34.0 0.0004188594899780093
35.0 0.00024904435875723184
36.0 0.0002262252500083469
37.0 0.00016150956962576073
38.0 0.00017978353131008738
39.0 0.00013378107747883644
40.0 0.00012159292022522684
41.0 7.67070319974997e-05
42.0 2.9718616634647107e-05
43.0 2.5514533629232253e-05
44.0 2.8976489619159817e-05
45.0 0.0
46.0 0.0
47.0 0.0
