0.0 0.004422830578221328
1.0 0.0037290420126316233
2.0 0.003177573696129343
3.0 0.0026836889774304908
4.0 0.002399934616692959
5.0 0.001990676817424096
6.0 0.0018748107597122972
7.0 0.001730121726600359
8.0 0.0014951592732650538
9.0 0.001217638303475589
10.0 0.0010090006437802799
11.0 0.0008613923695459312
12.0 0.0008654082801829828
13.0 0.0006535060848230357
14.0 0.0006261554688199349
15.0 0.000568839833629802
16.0 0.0005133317959077392
17.0 0.00039728247682575894
18.0 0.0003709326525748669
19.0 0.000332274950174477
20.0 0.0002765825310341092
21.0 0.00024491808870888356
22.0 0.00022071958935939372
23.0 0.0001708629700992091
24.0 0.00014475988026347545
25.0 0.0001457537449698966
26.0 0.0001686562192467413
27.0 0.00010984900583871989
28.0 0.00013245200211397756
29.0 7.565754872969432e-05
30.0 8.34714686122951e-05
31.0 5.093094052856727e-05
32.0 8.243272036853174e-05
33.0 5.723942330932206e-05
34.0 2.8164348764749675e-05
35.0 9.773936319910246e-06
36.0 1.5609736200093423e-05
37.0 1.8362699469306624e-05
38.0 1.2773634004281798e-05
39.0 9.992957759535789e-06
40.0 2.469982822889298e-05
41.0 4.184870854885419e-06
42.0 0.0
43.0 8.58876314939638e-06
44.0 0.0
45.0 0.0
46.0 0.0
47.0 0.0
