0.0 0.0032580387093279635
1.0 0.002802180313768555
2.0 0.0024000180585919016
3.0 0.001933324661630462
4.0 0.0018376306364397282
5.0 0.0017401927720401683
6.0 0.0016347929293701673
7.0 0.0015672461508431828
8.0 0.0015403681905348564
9.0 0.0014568845541559105
10.0 0.0014121898461909453
11.0 0.0013068621477565134
12.0 0.0013755752386821112
13.0 0.001335716950864162
14.0 0.0012708391938392356
15.0 0.0014559084131932718
16.0 0.0012398406029598946
17.0 0.0013418738986689031
18.0 0.0011809840002405952
19.0 0.0013240068433356242
20.0 0.001150874051513758
21.0 0.0010426117495380173
22.0 0.0012689042471485462
23.0 0.0011241031398403188
24.0 0.0009939513351683777
25.0 0.0010842080085023739
26.0 0.0009579026620329591
27.0 0.0011571695239242091
28.0 0.001167556875249968
29.0 0.0009269396289659289
30.0 0.0007498480853272162
31.0 0.000855290162232982
32.0 0.000687155606654654
33.0 0.0005310595604789876
34.0 0.0003672187518857294
35.0 0.0004815781632431904
36.0 0.00037746551896365753
37.0 0.00026685176964591495
38.0 0.00022166130930649391
39.0 0.00013441375598246896
40.0 9.981232506800006e-05
41.0 8.730434298502743e-05
42.0 7.682899707907115e-05
43.0 2.9776373742632106e-05
44.0 9.781524670329464e-06
45.0 1.2779976657459209e-05
46.0 0.0
47.0 0.0
