0.0 0.006419348857501068
1.0 0.006081793827274341
2.0 0.005059246379077502
3.0 0.004780114646463039
4.0 0.004411468764770681
5.0 0.003964784020512361
6.0 0.0036636824402125887
7.0 0.0034557209022152945
8.0 0.003034598040174526
9.0 0.0026325431026548397
10.0 0.002592670442426492
11.0 0.002180012245127671
12.0 0.002182294967642632
13.0 0.0019273750554929913
14.0 0.001624681003383697
15.0 0.0015847982253902
16.0 0.0013016860188796847
17.0 0.0012819040301645076
18.0 0.0011674782910695498
19.0 0.0009903712942937021
20.0 0.000968320066888183
21.0 0.0008529049994992967
22.0 0.0006441091362935113
23.0 0.0005919169388917354
24.0 0.0005970234845474795
25.0 0.0005401825939543104
26.0 0.00035830027828645457
27.0 0.00048237102170634716
28.0 0.0002912885633221935
29.0 0.0002960531468192101
30.0 0.00024312772690380634
31.0 0.00026066189070889724
32.0 0.00020145513538873913
33.0 0.0002008824315312971
34.0 0.0001328774762700111
35.0 0.0001359630267112869
36.0 7.173161713599347e-05
37.0 6.176093588129968e-05
38.0 3.9409573263266e-05
39.0 2.9567773169909498e-05
40.0 1.4030878328581625e-05
41.0 8.406992560949339e-06
42.0 0.0
43.0 8.593545903284796e-06
44.0 0.0
45.0 0.0
46.0 0.0
47.0 0.0
