0.0 0.006566738314710226
1.0 0.005758685488286539
2.0 0.005300637941018219
3.0 0.004258539050610332
4.0 0.0038157930166515053
5.0 0.0036207453792464262
6.0 0.0029456488740467156
7.0 0.002730773697030472
8.0 0.0024784119112774066
9.0 0.0022714201144802535
10.0 0.001906933506734051
11.0 0.0017138219827444495
12.0 0.0017579233871009813
13.0 0.0013694013704113155
14.0 0.0012538720165565752
15.0 0.0012485632562187646
16.0 0.001031438353306501
17.0 0.0009883854671490853
18.0 0.0009653835723086565
19.0 0.0007995493506462892
20.0 0.0006543673978025715
21.0 0.0006928247822903551
22.0 0.0005668691856177142
23.0 0.0005442382975850335
24.0 0.000411144464300752
25.0 0.0004021359826176606
26.0 0.0003434413961605788
27.0 0.00032973738502529385
28.0 0.00029893838689710046
29.0 0.0002784976164003192
30.0 0.00023067120302895
31.0 0.000233623727985895
32.0 0.00014507335698275942
33.0 0.00016127939472878065
34.0 9.679139014914457e-05
35.0 0.00011817550188486784
36.0 6.567546142530424e-05
37.0 3.637547984243553e-05
38.0 4.268377087852465e-05
39.0 4.0967723863312236e-05
40.0 3.094814106839495e-05
41.0 7.02132798588994e-06
42.0 1.6986740507130366e-05
43.0 9.992497658078858e-06
44.0 1.404265597177988e-06
45.0 0.0
46.0 0.0
47.0 0.0
