0.0 0.008547486210824361
1.0 0.007447133899637946
2.0 0.006751268236350893
3.0 0.00584597541330348
4.0 0.005008571243156001
5.0 0.004688727280979728
6.0 0.003899866392704717
7.0 0.0034237627276769295
8.0 0.003370469762377332
9.0 0.0028134650362299785
10.0 0.0024219725208271003
11.0 0.002229063383108109
12.0 0.001941008322377226
13.0 0.001709447750046496
14.0 0.0014992410841318201
15.0 0.0011975638122603853
16.0 0.0011132409872088383
17.0 0.0010604069683816306
18.0 0.0008545975425100582
19.0 0.0008160462571827464
20.0 0.0007133147775105112
21.0 0.0006007162814653381
22.0 0.0005201328922795881
23.0 0.00042886476135509544
24.0 0.00037956624420293236
25.0 0.000289308360839773
26.0 0.0002567404937329207
27.0 0.00022799337603997494
28.0 0.00021747272055593756
29.0 0.00020100070011961425
30.0 0.00019332568886514158
31.0 0.00012458019224259674
32.0 0.00012778679182898813
33.0 0.00011261842001319679
34.0 9.56217166178047e-05
35.0 4.90324638020818e-05
36.0 4.918912631569303e-05
37.0 2.1056888029505436e-05
38.0 4.078277972936137e-05
39.0 1.8190961179454012e-05
40.0 1.1217578018148058e-05
41.0 7.000730870423468e-06
42.0 8.590356809060419e-06
43.0 1.4056157159081964e-06
44.0 0.0
45.0 4.1894994386070754e-06
46.0 0.0
47.0 0.0
