0.0 0.00590893331802158
1.0 0.00515574914064151
2.0 0.004862290791561969
3.0 0.004492499257121907
4.0 0.004156568533920541
5.0 0.004186713999094189
6.0 0.0041101757949753605
7.0 0.003905758671849156
8.0 0.0033651818470367373
9.0 0.0032481793860490975
10.0 0.0030714095948061937
11.0 0.0029424526708760894
12.0 0.002936624964833352
13.0 0.0026730513861640158
14.0 0.0023672702813038893
15.0 0.0024453271418456517
16.0 0.0021006807204362416
17.0 0.002045051798973477
18.0 0.0018297898975914225
19.0 0.002023055541554032
20.0 0.0018605848735942503
21.0 0.001600112619404757
22.0 0.0015501261836658666
23.0 0.0013191948169638003
24.0 0.0013088126364472056
25.0 0.0011175796874369475
26.0 0.0009778240662216297
27.0 0.0010749989548360255
28.0 0.0007660289717509176
29.0 0.0007468176752637844
30.0 0.0008171989001007756
31.0 0.0005969229055946837
32.0 0.0005170880501711512
33.0 0.0004096101910369519
34.0 0.0004906445026784334
35.0 0.0003428544731283868
36.0 0.00027273130765326415
37.0 0.00017509898076171804
38.0 0.00016393265573944402
39.0 8.053536317666246e-05
40.0 9.657090354859763e-05
41.0 5.097498262566622e-05
42.0 1.5576059313633867e-05
43.0 2.834146868264555e-05
44.0 1.564135332433949e-05
45.0 0.0
46.0 0.0
47.0 0.0
