0.0 0.006789436411127567
1.0 0.005437213039061358
2.0 0.004703652056900062
3.0 0.0040220220929746125
4.0 0.003534387568079887
5.0 0.00309891720501727
6.0 0.0028300389619059564
7.0 0.002623698115502346
8.0 0.002199006608854349
9.0 0.001963833085604513
10.0 0.0017461874819153392
11.0 0.0016045364123760662
12.0 0.0014660264013165946
13.0 0.0012457915624164472
14.0 0.0011291620247906864
15.0 0.0010742418633735843
16.0 0.0007769287866022556
17.0 0.000806039066468849
18.0 0.0006966680206179204
19.0 0.000581829701033877
20.0 0.0005678261878788309
21.0 0.000498735089938743
22.0 0.000392337679199676
23.0 0.0004991848170867979
24.0 0.00032524564032752494
25.0 0.00022697854229252295
26.0 0.00024971335160431667
27.0 0.00021238867548489769
28.0 0.00020465708423633223
29.0 0.00021055857704810907
30.0 0.0001872551184102568
31.0 0.0001710609394942205
32.0 0.0001116769002695861
33.0 0.000172109386567976
34.0 0.0001289412723517265
35.0 9.370443960875188e-05
36.0 6.11299868428084e-05
37.0 4.5203481906784084e-05
38.0 2.3859323672507812e-05
39.0 1.1226252765839212e-05
40.0 2.681209096131024e-05
41.0 5.615147265833599e-06
42.0 1.4027763750014028e-06
43.0 8.563872788808044e-06
44.0 0.0
45.0 0.0
46.0 0.0
47.0 0.0
