0.0 0.006810378792131949
1.0 0.00566075904151539
2.0 0.0048642058894723585
3.0 0.004153071265808102
4.0 0.0038726699545242674
5.0 0.003404555451568053
6.0 0.0029864794847606875
7.0 0.0025697502001717307
8.0 0.0022025249200048106
9.0 0.0020352667469666933
10.0 0.0017931162891419773
11.0 0.001686481275570635
12.0 0.0015000157558652109
13.0 0.001328137989330248
14.0 0.0012097333968698726
15.0 0.0010844087104515117
16.0 0.0008602993704707785
17.0 0.0008665423976167962
18.0 0.0006937916330356464
19.0 0.0005737618724903288
20.0 0.0006977727009775383
21.0 0.0006432629333682036
22.0 0.000460275173902565
23.0 0.0004359078750603977
24.0 0.00042989004831010477
25.0 0.00043343188082135625
26.0 0.0002797869608677155
27.0 0.0002548157196176641
28.0 0.00023304686747629386
29.0 0.0002595577655762651
30.0 0.0002110991619701205
31.0 0.00017734742883333316
32.0 0.00011389295090161674
33.0 9.167383237428492e-05
34.0 0.0001123633479238226
35.0 7.75245572818901e-05
36.0 6.544440116759779e-05
37.0 2.5382831973510093e-05
38.0 3.399972837168607e-05
39.0 2.3786908626031158e-05
40.0 3.2127676540528825e-05
41.0 2.808389220278817e-06
42.0 1.2801346979814606e-05
43.0 0.0
44.0 5.58864519177804e-06
45.0 1.4041946101394085e-06
46.0 0.0
47.0 0.0
