0 1.0064418223961922E-005
1 3.1361911957269575E-005
2 3.4681149612747676E-005
3 6.0439861972535336E-005
4 7.5018851451741082E-005
5 1.0077756381152874E-004
6 1.1524984803320686E-004
7 1.0529213506677255E-004
8 1.1748045734644687E-004
9 1.4103523670737643E-004
10 1.5330358793019645E-004
11 1.5768477761353075E-004
12 1.8692278551508794E-004
13 1.9472991811142796E-004
14 2.5742706571158517E-004
15 2.4746935274515085E-004
16 2.8910909344143760E-004
17 2.5546321954216422E-004
18 2.6990882744946042E-004
19 2.6534090356545280E-004
20 3.0132409203549381E-004
21 3.5278816412630530E-004
22 2.8775370195538051E-004
23 3.3050874730828717E-004
24 3.0342131977682428E-004
25 3.6869586877718631E-004
26 3.1579637625717193E-004
27 4.0998881738650827E-004
28 3.6192401189432061E-004
29 3.8407004714042923E-004
30 3.3929780298933769E-004
31 3.9732032144795972E-004
32 3.8429755038583611E-004
33 3.1335235642887673E-004
34 3.5039749692677394E-004
35 4.2557640626480640E-004
36 3.9878241819154447E-004
37 3.9960428338996353E-004
38 3.8608724593861400E-004
39 4.2225716860932831E-004
40 4.3441881457462075E-004
41 4.6834554434806484E-004
42 4.4328789919881691E-004
43 4.5999079273373507E-004
44 4.5460100365130832E-004
45 4.7467648747046834E-004
46 4.5645814456320166E-004
47 4.5892884070587888E-004
48 4.9047748686382173E-004
49 4.4432317491229119E-004
50 5.9337895473106296E-004
51 4.8779338020608941E-004
52 4.9347660874671706E-004
53 4.9124599943347702E-004
54 5.9238444806232211E-004
55 4.9124599943347702E-004
56 5.6552301462994468E-004
57 5.6079503285964567E-004
58 5.0452295005538948E-004
59 5.4066619641172182E-004
60 5.4406546301034560E-004
61 5.5200597717859515E-004
62 6.3244129402714483E-004
63 5.7545405128199708E-004
64 5.8344791807901045E-004
65 5.9874206749910763E-004
66 6.0885983835183349E-004
67 6.2694479968719054E-004
68 6.3031738997143256E-004
69 6.1276595492371338E-004
70 6.3640076322778855E-004
71 5.6026660711942756E-004
72 5.4345700832698180E-004
73 5.2096418099390851E-004
74 5.8267940550935527E-004
75 5.6454109154523428E-004
76 5.5814270306371518E-004
77 5.3024750306418479E-004
78 5.4016444698588557E-004
79 5.1568109716900942E-004
80 4.4267944451545306E-004
81 4.5755187345285979E-004
82 4.6411031982067022E-004
83 4.8789260242700669E-004
84 3.9140210662531492E-004
85 4.5083336919875781E-004
86 4.4107648316334851E-004
87 4.3065118012207014E-004
88 4.1264624772985867E-004
89 4.3073120906521588E-004
90 4.0483911513351865E-004
91 3.5682766227009482E-004
92 3.3547681590802335E-004
93 3.2772303594044710E-004
94 2.7264628673595657E-004
95 3.0756752317814134E-004
96 2.0641649096526601E-004
97 2.5923595454213465E-004
98 2.0524783367988222E-004
99 2.2345359300311865E-004
100 1.7740598630911573E-004
101 1.9219838630337669E-004
102 1.5484571361692689E-004
103 1.8639435977486980E-004
104 1.4366599073634497E-004
105 1.1004679315145347E-004
106 1.9085557840134979E-004
107 9.5334422100338235E-005
108 1.1440130652040589E-004
109 6.9549033426168674E-005
110 6.9629062369314378E-005
111 7.4010252052648682E-005
112 8.4234728162902025E-005
113 4.8278216007242930E-005
114 3.7045140497897193E-005
115 2.5812064988551469E-005
116 3.3672550213655282E-005
117 2.6954045959553366E-005
118 1.6862951421209546E-005
119 3.3725902842419088E-006
120 7.8604852251038196E-006
121 1.1233075509345730E-005
122 6.7451805684838176E-006
123 1.1153046566200022E-006
124 0.0000000000000000
125 3.3725902842419088E-006
126 0.0000000000000000
127 0.0000000000000000
128 0.0000000000000000
129 0.0000000000000000
130 0.0000000000000000
131 0.0000000000000000
132 0.0000000000000000
133 0.0000000000000000
134 0.0000000000000000
135 0.0000000000000000
136 0.0000000000000000
137 0.0000000000000000
138 0.0000000000000000
139 0.0000000000000000
140 0.0000000000000000
141 0.0000000000000000
142 0.0000000000000000
143 0.0000000000000000
144 0.0000000000000000
145 0.0000000000000000
146 0.0000000000000000
147 0.0000000000000000
148 0.0000000000000000
149 0.0000000000000000
150 0.0000000000000000
151 0.0000000000000000
152 0.0000000000000000
153 0.0000000000000000
154 0.0000000000000000
155 0.0000000000000000
156 0.0000000000000000
157 0.0000000000000000
158 0.0000000000000000
159 0.0000000000000000
160 0.0000000000000000
161 0.0000000000000000
162 0.0000000000000000
163 0.0000000000000000
164 0.0000000000000000
165 0.0000000000000000
166 0.0000000000000000
167 0.0000000000000000
168 0.0000000000000000
169 0.0000000000000000
170 0.0000000000000000
171 0.0000000000000000
172 0.0000000000000000
173 0.0000000000000000
174 0.0000000000000000
175 0.0000000000000000
176 0.0000000000000000
177 0.0000000000000000
178 0.0000000000000000
179 0.0000000000000000
180 0.0000000000000000
181 0.0000000000000000
182 0.0000000000000000
183 0.0000000000000000
184 0.0000000000000000
185 0.0000000000000000
186 0.0000000000000000
187 0.0000000000000000
188 0.0000000000000000
189 0.0000000000000000
190 0.0000000000000000
191 0.0000000000000000
192 0.0000000000000000
193 0.0000000000000000
194 0.0000000000000000
195 0.0000000000000000
196 0.0000000000000000
197 0.0000000000000000
198 0.0000000000000000
199 0.0000000000000000
200 0.0000000000000000
201 0.0000000000000000
202 0.0000000000000000
203 0.0000000000000000
204 0.0000000000000000
205 0.0000000000000000
206 0.0000000000000000
207 0.0000000000000000
208 0.0000000000000000
209 0.0000000000000000
210 0.0000000000000000
211 0.0000000000000000
212 0.0000000000000000
213 0.0000000000000000
214 0.0000000000000000
215 0.0000000000000000
216 0.0000000000000000
217 0.0000000000000000
218 0.0000000000000000
219 0.0000000000000000
220 0.0000000000000000
221 0.0000000000000000
222 0.0000000000000000
223 0.0000000000000000
224 0.0000000000000000
225 0.0000000000000000
226 0.0000000000000000
227 0.0000000000000000
228 0.0000000000000000
229 0.0000000000000000
230 0.0000000000000000
231 0.0000000000000000
232 0.0000000000000000
233 0.0000000000000000
234 0.0000000000000000
235 0.0000000000000000
236 0.0000000000000000
237 0.0000000000000000
238 0.0000000000000000
239 0.0000000000000000
240 0.0000000000000000
