0 2.2547812636696112E-006
1 3.3821718955044168E-006
2 2.8274938662550120E-005
3 3.1657110558054538E-005
4 4.9936209537243599E-005
5 4.2976103309742579E-005
6 4.8613056468916610E-005
7 5.5407457882152102E-005
8 5.3092561374029171E-005
9 4.9740447100751416E-005
10 8.5937177808371827E-005
11 9.1589159778659196E-005
12 7.7985328141074866E-005
13 9.0476797957937715E-005
14 6.8936145464169768E-005
15 1.0626026680362499E-004
16 1.0740268624657314E-004
17 1.5836069684583933E-004
18 1.4359941695419356E-004
19 1.0621518037028500E-004
20 1.7976609003958732E-004
21 1.2998055650549590E-004
22 1.4373506414623241E-004
23 1.5597065628214973E-004
24 1.8878521509426574E-004
25 1.9446725468677978E-004
26 1.8663563550838945E-004
27 1.9108508279127537E-004
28 1.9330980643271831E-004
29 1.6954443029750741E-004
30 1.7519641226779477E-004
31 2.4592237972884253E-004
32 1.9222750223422348E-004
33 2.7709740465521382E-004
34 1.8641020334168949E-004
35 2.3854069100613049E-004
36 2.1137811416430187E-004
37 2.2382449754782474E-004
38 2.4868720669264373E-004
39 2.1017557947690041E-004
40 2.6141991327135767E-004
41 3.0205067455873173E-004
42 2.8734950991153926E-004
43 2.5788706537270106E-004
44 2.3741330037429571E-004
45 2.7016774394195836E-004
46 3.0974664654508322E-004
47 2.8595121278764569E-004
48 3.0976167535619656E-004
49 3.0409466457479584E-004
50 2.3279853616916317E-004
51 2.7801439193146204E-004
52 3.5293354110243130E-004
53 3.7545129611690076E-004
54 3.5189671122929538E-004
55 3.3576680394396368E-004
56 3.3494076531843334E-004
57 3.4595840606381695E-004
58 4.0943833199419156E-004
59 3.5398578767869947E-004
60 3.6763470574962376E-004
61 3.2440272475893570E-004
62 3.6166673085393761E-004
63 3.8681537530192879E-004
64 3.7306086766119228E-004
65 4.3291777282623031E-004
66 4.0492876946685231E-004
67 3.4138872829202443E-004
68 4.3884066128857649E-004
69 3.2661241958926529E-004
70 4.2505609602561329E-004
71 4.6631961894782288E-004
72 4.4201204193647543E-004
73 4.5817200684403371E-004
74 4.7070856309423652E-004
75 4.7378938298343659E-004
76 3.9360977671516430E-004
77 4.1853298899645553E-004
78 4.5823212208848704E-004
79 3.7202403778805636E-004
80 4.4342536787148236E-004
81 4.5475977732630261E-004
82 4.0368114834611092E-004
83 4.9010002389414712E-004
84 4.8504826049067132E-004
85 4.8126163246484750E-004
86 5.1388042884047136E-004
87 4.4485411050962153E-004
88 4.2746155329243511E-004
89 4.4798001683216154E-004
90 4.8551492941922229E-004
91 4.7642104820099608E-004
92 4.1981066773942366E-004
93 4.8758936494953194E-004
94 5.0084675814747188E-004
95 5.6650803094770877E-004
96 4.9426314798184194E-004
97 5.1894512350128205E-004
98 4.5429481805951097E-004
99 4.9893841532344674E-004
100 5.1360952234841251E-004
101 4.7993847939652054E-004
102 6.1046294643991243E-004
103 4.9101623538635748E-004
104 4.3126530768315056E-004
105 5.0851477006537502E-004
106 4.6640979181450284E-004
107 5.1953241081075874E-004
108 5.2071991668704691E-004
109 5.1735277360265579E-004
110 4.8016429945523935E-004
111 4.8568063423348788E-004
112 5.5757907875971034E-004
113 5.2124708875207000E-004
114 5.1028746569736132E-004
115 4.9733103661370691E-004
116 4.9721041823278141E-004
117 5.2246465225058475E-004
118 4.5405358129765996E-004
119 4.9773549274402637E-004
120 4.4041969203784895E-004
121 4.9875939135982724E-004
122 5.1792503210101892E-004
123 5.7662410111997651E-004
124 4.8013424183301272E-004
125 5.5007677165607284E-004
126 5.7396276617220925E-004
127 5.4173549466956985E-004
128 4.8661226242883044E-004
129 4.5059626534658888E-004
130 5.6085814653119984E-004
131 5.9487314247693888E-004
132 4.8259981434428781E-004
133 4.6988213657668721E-004
134 4.8085469088873090E-004
135 5.3387381786895282E-004
136 4.5462583979602315E-004
137 4.8332236095378434E-004
138 5.2560558738423810E-004
139 5.3782824826282042E-004
140 5.4848480964946533E-004
141 5.0829027177639674E-004
142 4.7860200717883962E-004
143 5.4069827690441503E-004
144 5.4771888626838820E-004
145 5.1568489175644384E-004
146 4.6236689821571461E-004
147 4.4769579119074878E-004
148 4.7258855795779452E-004
149 5.3357456341642678E-004
150 4.3092057890526558E-004
151 4.2716191094789016E-004
152 5.7016281899703158E-004
153 5.0212614655219940E-004
154 5.3283869765757624E-004
155 4.4002987682662399E-004
156 4.5104751757200765E-004
157 5.2031468477268963E-004
158 4.8402778119838923E-004
159 4.8138357261551354E-004
160 5.0071453027895180E-004
161 3.8239769530302894E-004
162 4.4432826021433881E-004
163 3.8127240222497245E-004
164 4.3791035486297431E-004
165 4.0942462495281869E-004
166 4.2447222803965558E-004
167 4.0090261434093681E-004
168 4.3553495521837918E-004
169 4.6815584914778133E-004
170 3.8230713454433007E-004
171 3.8459197343022634E-004
172 4.2335986621893414E-004
173 4.5210147381003526E-004
174 3.5252830918807413E-004
175 3.2954388524505365E-004
176 4.6702845851594654E-004
177 3.5476806164063041E-004
178 4.0592183467638877E-004
179 4.2594566921911594E-004
180 3.5352215018164836E-004
181 3.5068008160850221E-004
182 3.8806431819241076E-004
183 3.4917619491479641E-004
184 3.8413994542076980E-004
185 2.6528300712248864E-004
186 2.6871026545133303E-004
187 3.0394531034138417E-004
188 3.3752789008835557E-004
189 2.7789509532027702E-004
190 2.6412765642220545E-004
191 1.7148454040551869E-004
192 2.4090238360935281E-004
193 2.4658442320186683E-004
194 1.7133386440236652E-004
195 2.1264247375791606E-004
196 2.6185784634742253E-004
197 1.8039807589038495E-004
198 2.2110646667912291E-004
199 2.1850524697580891E-004
200 1.6562386474140413E-004
201 1.2133753962066961E-004
202 1.4190147748575492E-004
203 1.5263528048174474E-004
204 1.0376634633188262E-004
205 8.8507951997440269E-005
206 1.0340487908112490E-004
207 1.3130541923558230E-004
208 1.4244367836189147E-004
209 7.2649339096186326E-005
210 8.7726999805249841E-005
211 6.1511079969877143E-005
212 8.6599609173415029E-005
213 6.1511079969877143E-005
214 6.8124747757733784E-005
215 7.8677817128344730E-005
216 8.2075017834962486E-005
217 3.7369207772795213E-005
218 6.8666948633870346E-005
219 5.4716678556641658E-005
220 5.8294612888638259E-005
221 1.3588802826470987E-005
222 3.8092142274310633E-005
223 4.4705810062167274E-005
224 3.1117007235696282E-005
225 2.3961138571703083E-005
226 2.7719806529078536E-005
227 1.0372335745232094E-005
228 6.9751350386143477E-006
229 0.0000000000000000
230 0.0000000000000000
231 0.0000000000000000
232 0.0000000000000000
233 0.0000000000000000
234 0.0000000000000000
235 0.0000000000000000
236 0.0000000000000000
237 0.0000000000000000
238 0.0000000000000000
239 0.0000000000000000
240 0.0000000000000000
