0 1.1758287240847349E-006
1 9.3556357078209527E-006
2 2.3516574481694698E-006
3 1.1758287240847349E-006
4 2.1062928863811373E-005
5 7.0549723445084093E-006
6 1.6410608052329360E-005
7 1.5260276370673091E-005
8 1.2934115964932083E-005
9 1.4109944689016819E-005
10 3.1670884423002452E-005
11 1.8787762542927295E-005
12 2.3465580396837768E-005
13 1.7611933818842559E-005
14 4.3378177578992869E-005
15 2.8168895293176711E-005
16 2.5791740802578776E-005
17 2.4641409120922504E-005
18 4.6931160793675536E-005
19 4.3403674621421339E-005
20 3.3997044828743460E-005
21 4.8055995432903349E-005
22 4.1077514215680331E-005
23 4.2227845897336600E-005
24 4.5780829112019267E-005
25 3.6425193404198314E-005
26 6.2140443079491701E-005
27 5.1659972732442942E-005
28 5.2810304414099211E-005
29 4.6931160793675536E-005
30 4.4528509260649145E-005
31 5.9814282673750692E-005
32 6.3290774761147977E-005
33 6.7994089657486920E-005
34 7.7375222407736322E-005
35 6.8045083742343846E-005
36 8.5580526433901005E-005
37 6.5718923336602824E-005
38 1.0889312457616800E-004
39 6.6869255018259100E-005
40 8.7881189797213557E-005
41 8.2155028431360661E-005
42 8.5580526433901005E-005
43 9.4987156226578878E-005
44 6.9220912466428578E-005
45 1.1257359300299299E-004
46 1.3356003073951896E-004
47 1.1257359300299299E-004
48 8.0877211537562063E-005
49 1.2302856630761329E-004
50 1.1259909004542145E-004
51 1.1594809692067642E-004
52 9.3862321587351072E-005
53 1.2307956039247020E-004
54 1.0086629984700255E-004
55 1.0789577514908250E-004
56 1.1257359300299299E-004
57 1.3361102482437590E-004
58 1.3131036146106335E-004
59 1.3478685354846061E-004
60 1.1842723958098818E-004
61 1.1132127315162286E-004
62 1.2412790390441261E-004
63 1.1129577610919441E-004
64 1.3596268227254537E-004
65 1.2297757222275635E-004
66 1.2077889702915766E-004
67 1.3013453273697862E-004
68 1.2655605247986748E-004
69 1.3361102482437590E-004
70 1.5924978337238387E-004
71 1.0674544346742623E-004
72 1.5237329032487474E-004
73 1.3016002977940706E-004
74 1.1027292963968044E-004
75 1.4766997542853578E-004
76 1.2542733254760868E-004
77 1.5932627449966925E-004
78 1.7580948838625307E-004
79 1.4999613583427677E-004
80 1.5349812496410256E-004
81 1.5479755360729860E-004
82 1.5237329032487474E-004
83 1.3831433972071483E-004
84 1.7921337463939593E-004
85 1.5114646751593306E-004
86 1.5582040007681256E-004
87 1.4179083180811212E-004
88 1.5117196455836153E-004
89 1.2773188120395222E-004
90 1.5707660522121367E-004
91 1.2660704656472442E-004
92 1.5937726858452622E-004
93 1.9792076076200686E-004
94 1.5825243394529837E-004
95 1.9444815396764051E-004
96 1.8856901034721685E-004
97 1.6993423005886034E-004
98 1.7220939637974445E-004
99 1.6750608148340549E-004
100 2.1098236193908124E-004
101 1.7921337463939593E-004
102 1.9687241725006442E-004
103 1.7928986576668131E-004
104 1.6878389837720410E-004
105 1.6990484772340091E-004
106 1.9209649651947104E-004
107 1.8624284994147585E-004
108 1.9449137746643547E-004
109 1.2440837137112572E-004
110 1.8391668953573489E-004
111 2.1668691155553665E-004
112 2.0487763022983236E-004
113 1.9797564013989473E-004
114 2.2961714222743777E-004
115 1.7223489342217289E-004
116 2.1775686681687657E-004
117 1.8629384402633279E-004
118 1.8393441599210135E-004
119 2.1303194017114013E-004
120 2.0024692116774783E-004
121 1.9449914805249748E-004
122 1.4186343764236651E-004
123 1.6407669818783413E-004
124 2.3065771515331818E-004
125 2.3649363527494691E-004
126 2.2241307292138955E-004
127 2.0487763022983236E-004
128 2.1320264888207739E-004
129 2.2016558892717645E-004
130 2.2951515405772389E-004
131 1.9912208652852001E-004
132 2.0725089942739934E-004
133 1.7690882598305239E-004
134 1.7575849430139610E-004
135 2.0371952796211412E-004
136 2.2598766788546970E-004
137 1.4419348334113852E-004
138 2.3526292717297427E-004
139 1.9434228050489570E-004
140 1.8731280520281574E-004
141 2.3526681246600526E-004
142 2.7033381255608859E-004
143 2.3184131446346492E-004
144 1.5218704044181352E-004
145 2.0955156279071186E-004
146 2.0019592708289091E-004
147 1.7105906469808816E-004
148 1.8963896560855677E-004
149 2.4699183207836217E-004
150 2.1660264984218927E-004
151 2.6794888747942871E-004
152 1.8146304391785151E-004
153 2.2470596569864012E-004
154 2.0725478472043027E-004
155 2.2240530233532757E-004
156 1.9425801879154834E-004
157 2.3053411523420685E-004
158 2.1304578133447561E-004
159 1.9081479433264150E-004
160 2.0612217949514053E-004
161 1.9889649843969485E-004
162 2.0952995104131441E-004
163 1.7440418628031216E-004
164 2.1885231912064491E-004
165 2.0714502596465452E-004
166 2.1304966662750663E-004
167 2.1054114163173538E-004
168 2.1412350718187751E-004
169 2.2237203470683715E-004
170 2.1181507323250298E-004
171 1.8022067993678594E-004
172 1.8613309118570005E-004
173 1.9903393952214166E-004
174 2.1526218298444080E-004
175 1.9903005422911067E-004
176 1.8367944556781671E-004
177 2.4330747835850619E-004
178 1.7088058540108892E-004
179 1.7074921489591561E-004
180 2.0936142761461969E-004
181 2.2234653766440866E-004
182 1.7435319219545522E-004
183 2.1640085878700413E-004
184 2.1169535860642266E-004
185 1.7781802840375954E-004
186 2.0714721124889701E-004
187 1.2284620171758304E-004
188 1.4388363353896595E-004
189 1.3102212340828829E-004
190 2.1406085721792760E-004
191 2.0248104927407949E-004
192 1.5551443556767100E-004
193 1.9419536882759846E-004
194 2.2343810467514603E-004
195 1.5441121267784064E-004
196 1.8707167594186663E-004
197 1.4968240073907327E-004
198 1.1704354922444476E-004
199 1.6027870041917134E-004
200 1.5799964880525630E-004
201 1.4041321202884220E-004
202 1.4043482377823970E-004
203 1.3219406683934203E-004
204 1.8351869272718397E-004
205 1.1579122937307464E-004
206 1.0996307983750791E-004
207 1.2868819241648532E-004
208 1.4739169324606523E-004
209 1.3801444578884681E-004
210 1.1582668228580760E-004
211 1.0642782307919171E-004
212 1.0292194865633499E-004
213 1.4036221794398528E-004
214 9.3497592407290625E-005
215 1.3561567954885139E-004
216 1.2277578116757118E-004
217 9.4677306424406345E-005
218 8.0734185153295802E-005
219 8.7691054621121344E-005
220 7.2489542921367169E-005
221 9.0085935568085773E-005
222 8.7738163412947283E-005
223 5.4932488480412507E-005
224 6.7833336816854165E-005
225 5.9631918083720469E-005
226 2.6891078399378122E-005
227 6.9030777290336365E-005
228 3.8568989219909099E-005
229 8.7687169328090370E-005
230 1.2046734721819668E-004
231 6.4327462393997423E-005
232 5.1452111099984242E-005
233 5.6126043660863734E-005
234 7.3683098101818382E-005
235 4.7924624927730045E-005
236 3.1612119752083556E-005
237 4.0938373124445058E-005
238 2.9191741762690664E-005
239 4.2092590099132308E-005
240 1.8685774373213439E-005
