0 0.0000000000000000
1 6.8745531540449871E-006
2 1.4873041188830661E-005
3 3.7744570412446995E-005
4 1.6013344053271459E-005
5 3.6620635531706314E-005
6 3.4323661819124612E-005
7 4.8056400143514476E-005
8 5.0337005872396064E-005
9 6.6317613958267319E-005
10 5.6054888178300156E-005
11 7.2117336182671925E-005
12 9.7285839118869971E-005
13 8.6990377371502583E-005
14 1.0640826203439633E-004
15 9.1535220845565668E-005
16 1.1001736327057749E-004
17 1.1568614162538124E-004
18 1.3160950093799457E-004
19 1.2254432679572610E-004
20 1.4302889756610265E-004
21 1.2810675242617167E-004
22 1.4988708273644752E-004
23 1.8215921225910712E-004
24 1.7163467707932315E-004
25 1.5102738560088833E-004
26 1.5909949039263200E-004
27 1.8447255395538892E-004
28 1.8531831145261271E-004
29 1.8544103216067105E-004
30 1.5555586109125129E-004
31 2.1401407570649137E-004
32 2.2079864411987823E-004
33 2.3012562766196344E-004
34 2.3335834361242708E-004
35 2.3562258135760854E-004
36 3.1472082341868371E-004
37 2.5743564763528462E-004
38 2.2765682929022310E-004
39 2.3228351268278670E-004
40 2.4138956761461297E-004
41 2.5863319927298334E-004
42 2.1736136754285572E-004
43 3.1124266605210343E-004
44 2.7564775749893712E-004
45 2.6766563744785160E-004
46 2.7119289876553217E-004
47 3.4559084067708573E-004
48 3.1116082613360287E-004
49 3.0544294382769878E-004
50 3.2961023259121450E-004
51 3.3320296584369549E-004
52 2.9408079597284862E-004
53 3.4118508589478112E-004
54 3.4681298346002706E-004
55 3.2531083053326812E-004
56 3.2166899332968673E-004
57 2.9741171982551292E-004
58 3.2276841540456971E-004
59 3.2848629771047380E-004
60 3.8105480536065113E-004
61 3.2937293599725537E-004
62 3.1237474575500167E-004
63 3.6385205449183852E-004
64 3.3170264567723728E-004
65 4.0632151619904977E-004
66 3.8987145756228740E-004
67 3.2379414238310978E-004
68 3.5133323578884755E-004
69 4.0457267409195940E-004
70 4.0650148568036607E-004
71 4.6271183053412475E-004
72 4.0918298950082287E-004
73 4.0180118553084440E-004
74 4.5050392518205081E-004
75 3.5017656494070663E-004
76 3.9273601138857604E-004
77 4.0161299288798562E-004
78 4.1235845667802860E-004
79 4.6295727195024147E-004
80 4.0301510515224325E-004
81 4.5792154564394498E-004
82 4.2955298438529863E-004
83 4.7098849595242733E-004
84 4.8114486900803624E-004
85 4.8813391970859706E-004
86 4.1350690436462692E-004
87 4.8610697855737471E-004
88 3.9515570580921604E-004
89 4.4463058620068815E-004
90 4.5367939235925649E-004
91 4.6874062619094593E-004
92 4.7517332212447294E-004
93 4.5483606320739740E-004
94 4.6998728177974499E-004
95 4.5612359958575427E-004
96 4.5846967724943625E-004
97 5.0982940791524179E-004
98 5.0879853829967478E-004
99 5.1378516065487081E-004
100 5.1651576842642801E-004
101 4.3815693113821843E-004
102 5.0352243487490373E-004
103 4.7525516204297344E-004
104 3.7316267005022366E-004
105 5.2739517827120233E-004
106 4.8235878862943509E-004
107 5.0897850778099097E-004
108 5.4330216960011559E-004
109 4.6087300368637617E-004
110 5.3217731833922455E-004
111 5.1942942620381699E-004
112 5.4132425406060863E-004
113 5.2007576571150879E-004
114 5.1751698259911035E-004
115 5.3216095035552437E-004
116 5.4056033648188537E-004
117 4.6832027959115501E-004
118 5.1862454949615092E-004
119 5.4255462000509240E-004
120 4.8367091615303452E-004
121 5.0312153678332844E-004
122 5.3166698699877554E-004
123 5.5596007699486511E-004
124 5.3131519285830060E-004
125 5.7306153943696150E-004
126 4.8556391124952543E-004
127 5.6614610549335874E-004
128 5.4557154998232413E-004
129 4.8099455496960466E-004
130 4.8609883373521712E-004
131 5.3279092187951619E-004
132 4.9939485747611595E-004
133 4.6995146528782923E-004
134 5.0671941267283653E-004
135 4.8045456818627099E-004
136 5.2883824966440266E-004
137 5.2632034734156202E-004
138 5.3911734342806993E-004
139 5.5988823640412103E-004
140 5.0597486526294394E-004
141 4.6915789226622130E-004
142 5.2319398411545658E-004
143 5.4130796441629345E-004
144 4.9105272012301294E-004
145 5.5063186743386312E-004
146 5.0091154562627424E-004
147 5.1908277470036899E-004
148 5.5192762697376242E-004
149 5.3115159136068449E-004
150 4.8688426193466746E-004
151 5.0175730312349812E-004
152 5.3274189626780085E-004
153 4.7631884596532567E-004
154 3.9986114859576460E-004
155 4.8788547610734975E-004
156 4.5287459399097547E-004
157 4.6039548665271238E-004
158 5.1921371856996983E-004
159 4.5160848989396084E-004
160 4.6753184920657407E-004
161 4.9464553171487899E-004
162 4.5088031046776832E-004
163 5.1817976842988733E-004
164 4.9071429178110758E-004
165 4.3361216600354028E-004
166 4.5369275815782597E-004
167 4.7001701556201455E-004
168 4.4692455772813924E-004
169 4.4552244546388172E-004
170 4.9181371385599050E-004
171 4.8611219953378660E-004
172 3.8690062935102548E-004
173 4.8697124449019490E-004
174 3.9039515470130583E-004
175 3.6129541183133648E-004
176 3.7453726732349297E-004
177 4.2825430099965362E-004
178 3.5137119273265965E-004
179 3.6550482914862476E-004
180 2.9400417703076006E-004
181 3.7365877385886893E-004
182 3.4909058700377803E-004
183 3.1373297504457085E-004
184 4.0422302040338080E-004
185 3.5575243470910658E-004
186 3.0681754110096810E-004
187 2.5029628289629228E-004
188 2.5729355675839559E-004
189 2.3793292086875977E-004
190 2.2827051116989974E-004
191 2.7840809905276388E-004
192 2.3891776705774201E-004
193 2.2330532109604578E-004
194 3.0385477937247888E-004
195 1.8907164401757930E-004
196 2.3452838025913748E-004
197 2.3454474824283761E-004
198 2.4076988136467514E-004
199 2.5871203700635325E-004
200 1.1936071479636283E-004
201 1.4712073681235954E-004
202 1.5994224570472520E-004
203 2.0374834774139358E-004
204 1.2064010635256206E-004
205 1.6823527910672786E-004
206 1.5846651668350963E-004
207 1.4368346023533706E-004
208 1.3489646347658550E-004
209 1.6202651396859044E-004
210 1.4026255164201467E-004
211 2.0274713356871124E-004
212 1.2903949247892297E-004
213 1.4775070833635137E-004
214 1.2067284231996229E-004
215 1.0855492170854646E-004
216 1.0143492713838479E-004
217 9.3174629703782335E-005
218 1.2803827830624063E-004
219 6.6939440660101525E-005
220 1.4866193776837559E-004
221 1.0729189813604732E-004
222 9.6734626988863158E-005
223 6.5676417087602384E-005
224 9.3174629703782335E-005
225 4.1370039632328254E-005
226 6.9359135080741553E-005
227 3.4740927894399950E-005
228 6.8990972956566553E-005
229 9.0719118791226540E-005
230 6.9481855788799900E-005
231 4.8490034202489926E-005
232 4.8612754910548259E-005
233 3.8300925179480779E-005
234 4.8612754910548259E-005
235 5.9170026057732413E-005
236 1.3871827016148313E-005
237 2.4429098163332466E-005
238 2.7743654032296625E-005
239 3.4986369310516623E-005
240 6.8745531540449871E-006
