0 3.4421038138510257E-006
1 1.1473300366228021E-005
2 6.8819335480496593E-006
3 1.6060119025101595E-005
4 1.4914267140252851E-005
5 2.6386430466654673E-005
6 1.7208244989602737E-005
7 3.3270638094356723E-005
8 4.0153708682232581E-005
9 3.6708193748902970E-005
10 5.1623597928982013E-005
11 4.3594675456257410E-005
12 6.3227076065829982E-005
13 3.4415352939379276E-005
14 6.3095761255383835E-005
15 4.9456386730773486E-005
16 5.2770586853656956E-005
17 5.9655931521185204E-005
18 6.7685991033736005E-005
19 8.2856065555923965E-005
20 7.9281509891800591E-005
21 1.1357578137916949E-004
22 8.6171402718633640E-005
23 1.1829391484848921E-004
24 9.8660377199090451E-005
25 8.7189350912514820E-005
26 1.2619265955059387E-004
27 1.0669157375146744E-004
28 8.8331791677884983E-005
29 1.0681947744243500E-004
30 1.0222697358443045E-004
31 1.3881181180167064E-004
32 1.5028283808824627E-004
33 1.2861454109091129E-004
34 1.1357009618003851E-004
35 1.5831517168044944E-004
36 1.5487079378694604E-004
37 1.2746414104675778E-004
38 1.1701106295406336E-004
39 1.5385284559306481E-004
40 1.7437756478520344E-004
41 1.8024041309954570E-004
42 1.6073477914111447E-004
43 1.7680058336534709E-004
44 2.1797224024146085E-004
45 1.9158580977480616E-004
46 1.5831403464062327E-004
47 1.9514899504066756E-004
48 1.7679148704673750E-004
49 2.0190871009688065E-004
50 1.7335506843201747E-004
51 2.0101866559396703E-004
52 2.1006553626057284E-004
53 1.8813915780165036E-004
54 2.3989520758090473E-004
55 2.2141206997565948E-004
56 2.3071929618350516E-004
57 2.3658441857749986E-004
58 2.2638373674726192E-004
59 2.1223615857825993E-004
60 2.0432945459737190E-004
61 2.7201771971076033E-004
62 2.3874708161640356E-004
63 2.4320372250465720E-004
64 2.4460879289091964E-004
65 2.3300872587355027E-004
66 2.8922482766053688E-004
67 2.4091088169513351E-004
68 2.7762134952368889E-004
69 2.6385748242758957E-004
70 2.6500219727261211E-004
71 2.6615714547607042E-004
72 2.3975934461115377E-004
73 2.3632065191678137E-004
74 2.9725716125274005E-004
75 2.6500788247174313E-004
76 2.6755425658354947E-004
77 2.8680294612021940E-004
78 3.1573688773850668E-004
79 2.8234289411248722E-004
80 2.3517593707175880E-004
81 3.1676052113151887E-004
82 3.3422457350305667E-004
83 3.3065570303806430E-004
84 2.8591858681643672E-004
85 3.3065684007789053E-004
86 3.3040216973578162E-004
87 3.2390053614115606E-004
88 2.8234062003283482E-004
89 3.5245872596532398E-004
90 2.8935386839133053E-004
91 3.2785539175870349E-004
92 3.5818912242939396E-004
93 3.3524593281641647E-004
94 3.0745898012280413E-004
95 3.1243064689440663E-004
96 2.9941755021199138E-004
97 3.4429394052284848E-004
98 3.5372793338183555E-004
99 3.6723826717565214E-004
100 3.0108411317931994E-004
101 3.5130832592117041E-004
102 3.1217029135316671E-004
103 3.9031163455924950E-004
104 3.5589514458004407E-004
105 3.6634708563291232E-004
106 3.3753536250646151E-004
107 4.1021007590919293E-004
108 3.4442298125364219E-004
109 3.8699402331688753E-004
110 3.3881821440088746E-004
111 3.5398601484342302E-004
112 3.4123668482172626E-004
113 4.0586655719416641E-004
114 3.5845288909011245E-004
115 4.2052842807196268E-004
116 3.4326803305018388E-004
117 4.0472525346862238E-004
118 4.0395442020333842E-004
119 4.0191170157661892E-004
120 4.4220582138790717E-004
121 3.8853609371272701E-004
122 3.7578562665120408E-004
123 3.3677549577416785E-004
124 3.6023598535014651E-004
125 4.1365217972304399E-004
126 3.4034095511968171E-004
127 3.5283788887892185E-004
128 3.8407945282447340E-004
129 3.9453707907647262E-004
130 4.2448896888864113E-004
131 3.8203900827740625E-004
132 4.3774349530052259E-004
133 3.4901548511164675E-004
134 3.9172580126412156E-004
135 3.9414313464513419E-004
136 3.7336147103123426E-004
137 3.4825107022004831E-004
138 3.4608954422097075E-004
139 4.3111282097510326E-004
140 3.0210547249267974E-004
141 3.7031103756906929E-004
142 3.2301390275772099E-004
143 3.3130431781151163E-004
144 3.3793044397762621E-004
145 3.6661767453258795E-004
146 3.7822228970926211E-004
147 3.1932053972123965E-004
148 3.2415861760274348E-004
149 3.6279145578056249E-004
150 3.3895521441046459E-004
151 3.8089656751203610E-004
152 3.5488856678442482E-004
153 4.0868920540477940E-004
154 4.0920122403392134E-004
155 3.4392915526171948E-004
156 3.3448947720360138E-004
157 3.4532854044885082E-004
158 3.6342796698119351E-004
159 4.5777966983459763E-004
160 4.1391895363796936E-004
161 2.9714932041337229E-004
162 3.6113967433097454E-004
163 3.8129051194337452E-004
164 3.7809324897846835E-004
165 3.8944278994776192E-004
166 4.2373478735547839E-004
167 3.4202229960475077E-004
168 3.9059660111139400E-004
169 3.8613427502400937E-004
170 3.2494536942559416E-004
171 3.6611475222205554E-004
172 2.9154000540131272E-004
173 3.0913537258329672E-004
174 4.0538637568015787E-004
175 3.5553604451804598E-004
176 3.8001675636755816E-004
177 2.7382355676731836E-004
178 2.9102497951796389E-004
179 3.6726970042551390E-004
180 4.0769245710232423E-004
181 3.4139488472272939E-004
182 3.6804053369079786E-004
183 3.3246836233357958E-004
184 2.5891042666689170E-004
185 3.6854800416063495E-004
186 3.5834504825074464E-004
187 2.8594206078751513E-004
188 3.4024903283788068E-004
189 3.3017552152405592E-004
190 2.8453926448090505E-004
191 2.7434426784979816E-004
192 2.7051390480373964E-004
193 2.9244710550161925E-004
194 2.8492638667328634E-004
195 3.1832720253826299E-004
196 3.1475833207327063E-004
197 2.7893563466797650E-004
198 2.4272808914995353E-004
199 3.2304306192793030E-004
200 2.6389005271727751E-004
201 2.2105524399331378E-004
202 2.3354990367290156E-004
203 2.5955790440051286E-004
204 2.2131446249472751E-004
205 2.1799798829219162E-004
206 2.0716119912659450E-004
207 2.0563350638322378E-004
208 2.2118542176393372E-004
209 1.9785738403822745E-004
210 1.7899126853463399E-004
211 2.2654421072791742E-004
212 2.1902162168520379E-004
213 2.2590582931290588E-004
214 2.1659974014488637E-004
215 2.1239322143943684E-004
216 1.8179385389364725E-004
217 1.5425816042266525E-004
218 1.7988358711720000E-004
219 1.7746170557688258E-004
220 1.4609906017932069E-004
221 1.0479381441310839E-004
222 8.7839102725788363E-005
223 1.5706489007571154E-004
224 7.5982091286657682E-005
225 1.0976661822453701E-004
226 9.3448417737847911E-005
227 6.6930672460747091E-005
228 8.8858187959495741E-005
229 9.3448417737847911E-005
230 7.2795794854741756E-005
231 6.5911587227039713E-005
232 6.2213676031253569E-005
233 5.9027379599337656E-005
234 6.9609498422825843E-005
235 2.4094726696957177E-005
236 3.4548941829477813E-005
237 2.4094726696957177E-005
238 2.7664734201775763E-005
239 4.5258964343933557E-005
240 1.0326311441553078E-005
