0 0.0000000000000000
1 6.8010555238172959E-006
2 1.1349011445028508E-005
3 1.3612550226634354E-005
4 1.9297495128148369E-005
5 3.7468440454993686E-005
6 1.4770417564936678E-005
7 4.3111628640508668E-005
8 3.5194462494388086E-005
9 4.1974639660205868E-005
10 6.0156024166050940E-005
11 5.8043664661163157E-005
12 7.1484157253079924E-005
13 7.8295651955896992E-005
14 7.8295651955896992E-005
15 8.6223257281017337E-005
16 7.1687532424796790E-005
17 7.4905563372988101E-005
18 9.1970837256529910E-005
19 9.5725919466873471E-005
20 1.0665774138946850E-004
21 9.0985027552945166E-005
22 1.1236356464898203E-004
23 9.8792771138346726E-005
24 1.0102499238295328E-004
25 1.3051363161782783E-004
26 1.1347967527128533E-004
27 1.2726428313263724E-004
28 1.4223807586929077E-004
29 1.9403886600878815E-004
30 1.5375914494903688E-004
31 1.7024561085442736E-004
32 1.8285147301947744E-004
33 2.0426132765251362E-004
34 1.5773873207109655E-004
35 1.6925980115084263E-004
36 2.0312433867221080E-004
37 2.1026950946546327E-004
38 2.2957744377261139E-004
39 1.5778048878709557E-004
40 1.8836436028627391E-004
41 1.9411194026178647E-004
42 2.0771405130942108E-004
43 2.3164804656150014E-004
44 1.9882151463871550E-004
45 2.3076662864791300E-004
46 2.1014964772574448E-004
47 2.2961920048861044E-004
48 2.7518730390344205E-004
49 2.1675776725684469E-004
50 2.4305969308052719E-004
51 2.0771405130942108E-004
52 2.6009364942706977E-004
53 2.4965737343262762E-004
54 2.5666180412816183E-004
55 2.6136093932609112E-004
56 2.3966960449761830E-004
57 3.0087910421197400E-004
58 2.8273947642212794E-004
59 2.5199398646723179E-004
60 2.7579768080059238E-004
61 3.2812508302324222E-004
62 3.1053294567454819E-004
63 2.9620084737204421E-004
64 2.9885025813908430E-004
65 3.4423586474019853E-004
66 3.0777411234678912E-004
67 3.2363976217602956E-004
68 3.7263971088976911E-004
69 3.0079056000925446E-004
70 3.0100437435997114E-004
71 3.1345905724830314E-004
72 3.5895408641013646E-004
73 4.2156658535051037E-004
74 3.5085442345029853E-004
75 3.6461815295365092E-004
76 3.8152180838147494E-004
77 3.5331089822462144E-004
78 3.4860132384769240E-004
79 3.3180206020986598E-004
80 3.1779319881879771E-004
81 3.5710773715096403E-004
82 3.9202575022063697E-004
83 3.8620006522140467E-004
84 3.9849312965401895E-004
85 4.4029571167950715E-004
86 3.4399073285248266E-004
87 3.8304466934721196E-004
88 3.6465990966964992E-004
89 4.1344604403267289E-004
90 4.2359543142340001E-004
91 3.7449649932794118E-004
92 4.4574571249030536E-004
93 3.9999511226175636E-004
94 3.7637391474211311E-004
95 4.2933257221991283E-004
96 4.2339205625168319E-004
97 3.5992945693472144E-004
98 3.9112345394905028E-004
99 4.4523997876515231E-004
100 3.9300112074522195E-004
101 4.3612318856473036E-004
102 3.9937429618560629E-004
103 3.9206750693663602E-004
104 3.9467516098767700E-004
105 4.0694734706229167E-004
106 3.6787794061784128E-004
107 4.1227773751537083E-004
108 4.5031454676951600E-004
109 4.0885608001346290E-004
110 4.1797312159588460E-004
111 3.6591676038967151E-004
112 4.4187579931096436E-004
113 4.2034583155620972E-004
114 4.2473242040370283E-004
115 4.7564135345061330E-004
116 4.1202191506665542E-004
117 4.6004674463780967E-004
118 4.9156397856357423E-004
119 4.4652814702217321E-004
120 4.4115599985309505E-004
121 3.9936385700660654E-004
122 4.5384537545014323E-004
123 5.0880131008183361E-004
124 4.3892377860848853E-004
125 4.6727542886306020E-004
126 3.9670400706056676E-004
127 4.8475248386075715E-004
128 4.2193157897794502E-004
129 4.1486451320841227E-004
130 4.8513357645746971E-004
131 4.4924522363393323E-004
132 3.6738742546040974E-004
133 5.1991562881814602E-004
134 4.5134714395982122E-004
135 3.7082970993831748E-004
136 3.8217872138334596E-004
137 4.8479424057675625E-004
138 3.7784457981285139E-004
139 4.8138327363584781E-004
140 4.5979092218909436E-004
141 4.8357373816445540E-004
142 4.4752917529347939E-004
143 4.3451656278499561E-004
144 4.5637995524818597E-004
145 4.7396165341788020E-004
146 4.1117684546078897E-004
147 4.4043079198694744E-004
148 4.9868827099882717E-004
149 4.6322276748800230E-004
150 4.0565351901499284E-004
151 4.0508515021584130E-004
152 3.6540536687424053E-004
153 3.6863383700143164E-004
154 4.5314104594199506E-004
155 4.9790608784895901E-004
156 4.2342815317740419E-004
157 3.9731916334643879E-004
158 4.3572121761001841E-004
159 4.2852359953976743E-004
160 4.2451269488070841E-004
161 4.4554736808930981E-004
162 4.2978045025978898E-004
163 4.3184061386967792E-004
164 4.3296716367098099E-004
165 3.3252663905645709E-004
166 3.9524856055754998E-004
167 4.6960097369910803E-004
168 4.5656723145062500E-004
169 3.4280632736590275E-004
170 3.9388731804753079E-004
171 3.9416854686096767E-004
172 4.1758636920889404E-004
173 3.5042113495858723E-004
174 4.7314224155873495E-004
175 3.3973947569442952E-004
176 3.1934674830197738E-004
177 4.5384474643058662E-004
178 3.2236140407845181E-004
179 4.2997816564122775E-004
180 3.4670214967396468E-004
181 3.3631806957452133E-004
182 3.4202389283403490E-004
183 3.8391476768024295E-004
184 3.4288418100762280E-004
185 4.1278284222096711E-004
186 4.1445688246342222E-004
187 2.9508385634818460E-004
188 3.0526456127591103E-004
189 3.2509935904821144E-004
190 3.1755762570852524E-004
191 2.9188695513999253E-004
192 3.2641884484223152E-004
193 2.7165584620325822E-004
194 3.2852076516811952E-004
195 3.2000366130384840E-004
196 2.7145247103154134E-004
197 3.1371877868418386E-004
198 2.8183655113098464E-004
199 2.7311607209499664E-004
200 3.1673343446065829E-004
201 2.9007670280654116E-004
202 2.7647459175890655E-004
203 2.7121752694082553E-004
204 2.2608774278842661E-004
205 2.6158456383625084E-004
206 2.8725523440478349E-004
207 2.1660570757857028E-004
208 2.2267677584751822E-004
209 1.5299218036689017E-004
210 2.2798628794259775E-004
211 1.8980848720873453E-004
212 2.2495075380812380E-004
213 1.8115089462874485E-004
214 1.6618728968909133E-004
215 2.1338767663037897E-004
216 1.5222018501402204E-004
217 1.5430122698191056E-004
218 1.9620254100711837E-004
219 6.4975021103698996E-005
220 1.2351398031101540E-004
221 1.4446463732361930E-004
222 1.1141385187111828E-004
223 9.2726733640120204E-005
224 6.5522511544851035E-005
225 7.1958573441233630E-005
226 1.7185135623260583E-005
227 2.0585663385169229E-005
228 1.0384080099443287E-005
229 2.4168687960795221E-005
230 1.0201583285725945E-005
231 3.4005277619086479E-006
232 3.4005277619086479E-006
233 0.0000000000000000
234 0.0000000000000000
235 0.0000000000000000
236 0.0000000000000000
237 0.0000000000000000
238 0.0000000000000000
239 0.0000000000000000
240 0.0000000000000000
