0 1.1474627304105161E-006
1 9.1717569974751556E-006
2 5.7373136520525813E-006
3 1.6032698842511327E-005
4 2.8654788877027007E-005
5 2.6359863416205973E-005
6 3.6679083144091647E-005
7 3.3228750107051120E-005
8 4.6966523488741414E-005
9 3.9107721731211460E-005
10 4.6982413180359371E-005
11 5.8449095638655553E-005
12 7.3326386904947380E-005
13 8.4801014209052544E-005
14 9.1646066362470772E-005
15 9.1961161689922189E-005
16 7.4497684172784834E-005
17 8.6058355528334930E-005
18 6.0744021099476590E-005
19 9.0522438169487183E-005
20 1.0899966529073628E-004
21 1.1816347744240245E-004
22 1.2257194616289188E-004
23 1.2390079109445503E-004
24 1.1689024643150213E-004
25 1.2030880008530675E-004
26 1.5121084534830095E-004
27 1.2375913312234727E-004
28 1.8233399704149263E-004
29 1.6857238912237543E-004
30 1.3406246315861501E-004
31 1.7412832057327537E-004
32 2.0994325693117206E-004
33 1.5713748604731512E-004
34 1.9149780919315882E-004
35 2.0405634046120273E-004
36 1.5727914401942290E-004
37 2.5947213213333207E-004
38 2.0292476742241018E-004
39 1.8904533606861208E-004
40 1.7304441660933662E-004
41 1.8234194188730164E-004
42 2.2111073375363473E-004
43 2.5034009936490177E-004
44 2.3172915911735389E-004
45 2.7622731978993058E-004
46 2.3176888334639878E-004
47 2.0883551842980640E-004
48 2.2930052053023409E-004
49 2.7412966622188020E-004
50 2.2516742290815115E-004
51 2.7055356490434984E-004
52 2.4880738694721286E-004
53 2.7181885106944116E-004
54 2.9103445669639546E-004
55 2.7639281229946530E-004
56 2.3836239893883736E-004
57 3.1049365403852040E-004
58 3.1222363834897989E-004
59 2.9233152224472268E-004
60 2.9392779342888345E-004
61 3.1080080452016286E-004
62 2.2930052053023409E-004
63 2.8460643361349154E-004
64 3.7420116623031185E-004
65 3.9476810207380252E-004
66 2.8819842462263982E-004
67 3.1451061896399198E-004
68 2.9077666602767634E-004
69 4.0173232691435531E-004
70 3.3378978335741802E-004
71 3.0067091183923878E-004
72 3.2845360908426179E-004
73 3.4601902034446199E-004
74 3.3631241084179175E-004
75 3.4996414017203709E-004
76 3.7552206631606612E-004
77 3.0755568822170184E-004
78 3.8144870701508032E-004
79 3.4993236078880119E-004
80 3.7853153574516539E-004
81 3.7773094772544224E-004
82 4.2993999807570163E-004
83 4.0908974628799555E-004
84 3.4222316184918803E-004
85 3.8456011018724251E-004
86 4.2688911367948798E-004
87 3.6526640535465224E-004
88 3.2371415534470304E-004
89 3.9530430383145139E-004
90 4.0746964056640790E-004
91 4.1507065165521880E-004
92 4.3999973639679868E-004
93 4.3471917604430535E-004
94 3.7837398808143968E-004
95 3.9931957801885346E-004
96 4.5127709180813329E-004
97 3.9432233361057554E-004
98 4.5778625408719650E-004
99 4.3135319632064018E-004
100 4.3815192865165841E-004
101 4.0174027176016433E-004
102 5.0033636400963958E-004
103 4.4675079965296309E-004
104 3.9173614735973005E-004
105 4.4841722519695071E-004
106 4.5500279594358034E-004
107 4.4458164247263178E-004
108 4.4832323629969681E-004
109 4.9927494533067384E-004
110 4.3109540565192112E-004
111 5.1062380435428932E-004
112 5.2018875588485177E-004
113 4.0562352355933708E-004
114 4.1395496830804417E-004
115 4.7796963098147818E-004
116 5.0127861000147053E-004
117 4.7777861319644701E-004
118 5.1515009650945952E-004
119 5.1000324928326490E-004
120 4.9201455484481087E-004
121 5.5825094862871566E-004
122 5.1632139377729694E-004
123 4.3628366784523016E-004
124 4.7219884720812018E-004
125 4.5372162008687104E-004
126 4.8910532842070490E-004
127 4.5844518413481187E-004
128 4.8237809970196765E-004
129 4.5884632351370823E-004
130 4.7379511839228090E-004
131 5.2318402636040268E-004
132 5.1555918073416490E-004
133 4.4082584969201835E-004
134 5.4535348749579335E-004
135 5.9980319863866486E-004
136 5.7469273169593227E-004
137 4.9005551925834496E-004
138 5.3516003604839758E-004
139 4.7551715785693142E-004
140 4.7382064366777729E-004
141 4.9064598568420283E-004
142 4.5843723928900296E-004
143 4.8942836859396533E-004
144 4.3089813375915049E-004
145 4.6778412437989121E-004
146 4.0170223826918898E-004
147 4.6478259979660101E-004
148 4.8450753265325393E-004
149 4.6854329743250010E-004
150 5.5435349787599439E-004
151 4.8915959308891400E-004
152 4.3348432000999608E-004
153 5.3104282811793253E-004
154 4.4313041073671788E-004
155 4.6474287556755604E-004
156 4.3949700476045522E-004
157 4.6495299716142134E-004
158 4.7816555362179501E-004
159 4.2512109587805309E-004
160 4.2662337816495990E-004
161 4.3177986097503305E-004
162 4.2546966132680987E-004
163 4.2260015913174887E-004
164 3.6862309098005454E-004
165 3.3613271937870862E-004
166 4.1209161235690163E-004
167 3.4918772817535659E-004
168 4.5182157989720690E-004
169 4.0442213764633328E-004
170 3.8922180620678100E-004
171 3.7615090771851511E-004
172 3.6698709556684896E-004
173 4.5218130430898894E-004
174 4.2083214133031399E-004
175 4.9229652153657264E-004
176 3.9437828901685409E-004
177 3.4276460994773827E-004
178 4.2740182238532563E-004
179 3.5367429610148193E-004
180 4.2980662643501857E-004
181 3.5609498984279280E-004
182 3.3974719567283004E-004
183 3.6712875353895670E-004
184 3.7978921855006347E-004
185 3.9025009625005689E-004
186 4.0520058186669912E-004
187 2.6426585054109986E-004
188 3.1153157966567476E-004
189 2.9676416698825475E-004
190 3.3298818757085679E-004
191 3.6963549133171251E-004
192 3.3942415549956966E-004
193 3.0690994936079675E-004
194 3.1163351340873763E-004
195 2.9589207535625083E-004
196 2.8573040329209079E-004
197 2.8459883025329830E-004
198 2.7597612471456668E-004
199 2.4978969865370438E-004
200 2.2490033814116935E-004
201 1.6346391687277191E-004
202 2.7640904347669900E-004
203 2.0343747612824788E-004
204 1.5331018965442092E-004
205 1.8009502698695013E-004
206 1.5057440058565864E-004
207 1.7590462470613494E-004
208 1.4156813609771818E-004
209 2.2658096263870547E-004
210 1.3568916447355783E-004
211 1.0562743145933171E-004
212 2.0871009163493228E-004
213 1.2598424570895705E-004
214 8.8904023185969042E-005
215 1.1010909453017142E-004
216 1.0378131445226088E-004
217 1.0034687110683831E-004
218 8.6758700543064759E-005
219 9.0051485916379571E-005
220 8.2725845925975228E-005
221 8.6758700543064759E-005
222 9.0043541070570582E-005
223 7.3020927161374452E-005
224 6.9586483815951882E-005
225 6.9436880998035135E-005
226 5.6547364710921896E-005
227 4.1811731416737828E-005
228 6.6152040470529312E-005
229 1.7321819545029604E-005
230 8.0338622305969805E-005
231 2.4340309053791487E-005
232 2.4489911871708221E-005
233 2.0905865708368914E-005
234 1.0452932854184457E-005
235 0.0000000000000000
236 3.4344433454225738E-006
237 0.0000000000000000
238 0.0000000000000000
239 0.0000000000000000
240 0.0000000000000000
