0 0.0000000000000000
1 8.0508997317529677E-006
2 8.0719920377828446E-006
3 2.0726419088541778E-005
4 1.8414109276023855E-005
5 1.9570264182282818E-005
6 1.8414109276023855E-005
7 4.1579333916915964E-005
8 2.2030162040663023E-005
9 2.9933473726553705E-005
10 4.1452838177083555E-005
11 5.8879472898740623E-005
12 4.8368675308607437E-005
13 5.1984728073246612E-005
14 3.6870403164107463E-005
15 5.7617914558679121E-005
16 5.4170542145932116E-005
17 1.0146737367605324E-004
18 4.8431952226697067E-005
19 6.5668814290432089E-005
20 7.9479396247449975E-005
21 7.7145994128902185E-005
22 1.0270789780643172E-004
23 6.7035834160642969E-005
24 1.1861992461201560E-004
25 8.1939294105830187E-005
26 1.1647629515138986E-004
27 1.2799565960191968E-004
28 1.1763250815399566E-004
29 1.1998694448222650E-004
30 1.4298348877122646E-004
31 9.7977874747593331E-005
32 1.4973064555085815E-004
33 1.4554879006340918E-004
34 1.3035015402649739E-004
35 1.3594115589987015E-004
36 1.8111545027539540E-004
37 1.1988154104842396E-004
38 1.4632545775017090E-004
39 1.6057880384477566E-004
40 1.1292351930484032E-004
41 1.3386080335733402E-004
42 2.0987167678966027E-004
43 1.8458391499417230E-004
44 1.6482393625031426E-004
45 1.7871882933510479E-004
46 1.6968045504898508E-004
47 1.9582919565900743E-004
48 1.4634655005620078E-004
49 1.7638542721655704E-004
50 1.8922968502158483E-004
51 2.2118023437258505E-004
52 1.8889226622145365E-004
53 2.2048793590994281E-004
54 1.8475259534606443E-004
55 2.2164409081620179E-004
56 2.5498275234344270E-004
57 2.2832797067774390E-004
58 2.5010514123874209E-004
59 2.3394006485714654E-004
60 2.7671773829238122E-004
61 2.0173652402648149E-004
62 2.3520168129355487E-004
63 2.1817562609742491E-004
64 2.3511731206943536E-004
65 2.0869448767371829E-004
66 2.9626685207228724E-004
67 2.1319261155892171E-004
68 2.5624436877985109E-004
69 2.5945978392261635E-004
70 2.9382810461628384E-004
71 2.8344380276598306E-004
72 2.8811066509942546E-004
73 2.1779613887792769E-004
74 2.6448504116952608E-004
75 2.9279844544985727E-004
76 2.7888246005903681E-004
77 2.6988627038497688E-004
78 2.9294603349571953E-004
79 2.6032076273715065E-004
80 2.9412333880435521E-004
81 2.7301737439996938E-004
82 2.5128233035468406E-004
83 3.1052031435958573E-004
84 2.5357366405386582E-004
85 3.2422543478645427E-004
86 3.2287950722227323E-004
87 3.0782840113487690E-004
88 2.8119476987155476E-004
89 2.7100024067917600E-004
90 3.4211241070077172E-004
91 3.0589563663820308E-004
92 3.5312924934658140E-004
93 3.2386703987298689E-004
94 3.3217093108440463E-004
95 3.4945003585654631E-004
96 2.6875120778474776E-004
97 3.4982946497969663E-004
98 3.2178662923410391E-004
99 3.3320053215448435E-004
100 3.2758843797508173E-004
101 2.8497950298808606E-004
102 3.4453012394709218E-004
103 3.4358489210113198E-004
104 2.9050728603971607E-004
105 3.7307900074836145E-004
106 3.4163097720208145E-004
107 4.1057842545702149E-004
108 3.4247092180693275E-004
109 3.4884199042532987E-004
110 3.3460973663675505E-004
111 3.1283262417210368E-004
112 3.6550959261164560E-004
113 4.2586143071805284E-004
114 4.1251470520465167E-004
115 3.7700786475614560E-004
116 3.7631556629350341E-004
117 3.8543830980374271E-004
118 4.0757387527820825E-004
119 2.7682314172618373E-004
120 4.0040498857067263E-004
121 3.3942407082336601E-004
122 3.7698671435376890E-004
123 4.2468418350576401E-004
124 3.7318446227851086E-004
125 3.6061434635552454E-004
126 3.5376178614209035E-004
127 3.5113326602816478E-004
128 3.9111356470854122E-004
129 3.4944991966385261E-004
130 3.8863269073682481E-004
131 4.1705501370191487E-004
132 3.4535243340052315E-004
133 4.3168433176506052E-004
134 3.7883868297362638E-004
135 3.4968187693383443E-004
136 4.1041320225973884E-004
137 3.3589238728284643E-004
138 3.2512854011670152E-004
139 4.0540909541520576E-004
140 3.9235403074257280E-004
141 4.1345993705061183E-004
142 3.7644206203333577E-004
143 3.1451585434372214E-004
144 3.4356374169875527E-004
145 3.1777339600220025E-004
146 3.3074063429610419E-004
147 4.1869600116512667E-004
148 4.2684884717607275E-004
149 3.8251789646366147E-004
150 3.5401471952540832E-004
151 3.7883862487727958E-004
152 3.3221651475472705E-004
153 3.7164870396006096E-004
154 3.4879974771692332E-004
155 4.0454805850432450E-004
156 3.0867174479799091E-004
157 3.4787555008064617E-004
158 4.4860838258565063E-004
159 2.8691226748475993E-004
160 4.3038404596754880E-004
161 3.8279203834570304E-004
162 3.7202819117955818E-004
163 3.6532321901198620E-004
164 4.0595720489024830E-004
165 3.1178181460330041E-004
166 2.7484813452110330E-004
167 3.4285029283373633E-004
168 3.9500364316252828E-004
169 3.4650853021043522E-004
170 2.9782358650407340E-004
171 3.2048628534024528E-004
172 3.0154504270251504E-004
173 3.0322487381587089E-004
174 3.5428874521475614E-004
175 3.3543187180114540E-004
176 3.0425793204056013E-004
177 3.0209321027390449E-004
178 3.5607392166556770E-004
179 3.1960415612333423E-004
180 3.5420091883602717E-004
181 3.2454152889516819E-004
182 2.6019760795923405E-004
183 3.0293309678240893E-004
184 2.7514325251648102E-004
185 3.1546096999698865E-004
186 2.6257313659349476E-004
187 2.9620697421246030E-004
188 2.8159523320438819E-004
189 2.9219034192229398E-004
190 2.8765009152137769E-004
191 2.3293138180405614E-004
192 2.6484326179395290E-004
193 3.0064182117957408E-004
194 2.5861972312507124E-004
195 2.1840740907836612E-004
196 2.2557623768955490E-004
197 2.6669171516285412E-004
198 2.8121914504315357E-004
199 2.3845910675933927E-004
200 1.9364326539362821E-004
201 2.6131152015708637E-004
202 2.2174931996096379E-004
203 2.3699014060993534E-004
204 2.0285377718624962E-004
205 2.2330259723814038E-004
206 2.0577401623729028E-004
207 1.8782030625027368E-004
208 2.2101483688626180E-004
209 2.0217905577868097E-004
210 1.9183693854044000E-004
211 2.3909158545850135E-004
212 1.9412815604692799E-004
213 2.8291995226984563E-004
214 2.2382967250349992E-004
215 1.7903492344381873E-004
216 1.4212239376399836E-004
217 1.5000461314385917E-004
218 1.7670152132527096E-004
219 1.1910475716896853E-004
220 1.1464881789582487E-004
221 1.2944687440720956E-004
222 1.1235760038933682E-004
223 8.1897051397423595E-005
224 1.3937077696850303E-004
225 1.3863283673919160E-004
226 6.2495467567032947E-005
227 9.7264367786227562E-005
228 7.2985172851136243E-005
229 6.9537800438389231E-005
230 7.2837584805273957E-005
231 6.0204250060544897E-005
232 4.8853565961907210E-005
233 3.8216272631941621E-005
234 4.4963429411573339E-005
235 4.1811233090550913E-005
236 6.2938231704619805E-005
237 4.8853565961907210E-005
238 1.0342117238241012E-005
239 3.8363860677803914E-005
240 1.7384450109597308E-005
