0 0.0000000000000000
1 3.5375189257262523E-006
2 6.9866035386699769E-006
3 5.8958648762104214E-006
4 9.3449494891541460E-006
5 1.5348703797470955E-005
6 1.5152380052582038E-005
7 1.7422291690283679E-005
8 3.0501083850052991E-005
9 1.5152380052582038E-005
10 3.0304760105164076E-005
11 3.4933017693349884E-005
12 2.3318156566494100E-005
13 3.2663106055648241E-005
14 2.8211717093027490E-005
15 2.4497329541736184E-005
16 3.9472840968753163E-005
17 3.4019147656455382E-005
18 5.3622916671658172E-005
19 6.2790997535247262E-005
20 8.3052716978575472E-005
21 8.1608241064985812E-005
22 6.4451252313049709E-005
23 7.5869789695016574E-005
24 8.2679524608121510E-005
25 9.1041624866922485E-005
26 8.1677220258444470E-005
27 9.0039320517245458E-005
28 1.0817915849953471E-004
29 8.7661519447437429E-005
30 9.1199038373163675E-005
31 1.0176207107620762E-004
32 9.4402275167083667E-005
33 1.0835602712509976E-004
34 1.1464453949108803E-004
35 1.1689499600946580E-004
36 1.2116951634652149E-004
37 1.1654125875833570E-004
38 1.1562738872144119E-004
39 1.3145717432147251E-004
40 1.0575183335559187E-004
41 1.2034408062240953E-004
42 1.6073079162805720E-004
43 1.2250610282800477E-004
44 1.0844446143788230E-004
45 1.3719685619735032E-004
46 1.5064884072757360E-004
47 1.4920436481398393E-004
48 1.6918132619964070E-004
49 1.8732116418192996E-004
50 1.6682298024915654E-004
51 1.7129382433110114E-004
52 1.3639087559256223E-004
53 1.7041002324901758E-004
54 1.6219472266097072E-004
55 1.7141232759869461E-004
56 1.9298056456869516E-004
57 2.1076666529985431E-004
58 1.5492336106462932E-004
59 1.7618738485763454E-004
60 1.5951270841416739E-004
61 1.8621097040014654E-004
62 2.0452644650209228E-004
63 1.5783176801113249E-004
64 1.5979746647183885E-004
65 1.8302718872555040E-004
66 1.6903452652888658E-004
67 2.3238442634398966E-004
68 1.9396341379904832E-004
69 1.8433370625222273E-004
70 2.1612185250962420E-004
71 2.1773381371920043E-004
72 2.0209028007431268E-004
73 2.2945656427816261E-004
74 1.9950554142412864E-004
75 1.7750451621979395E-004
76 2.0022308771613424E-004
77 1.9228370390192201E-004
78 1.8449111975846392E-004
79 2.1274174709013914E-004
80 1.9689250637078395E-004
81 2.2468150701922268E-004
82 2.0799621674026845E-004
83 2.3485189223248880E-004
84 2.4677096653633984E-004
85 2.4760578559003034E-004
86 1.9119296523946244E-004
87 1.8654525253195280E-004
88 2.1782224803198298E-004
89 2.3474400280038243E-004
90 2.8883738743911384E-004
91 2.3395747731491816E-004
92 2.1780279291265910E-004
93 2.0847729854282882E-004
94 2.8737345640620032E-004
95 2.5648910839594802E-004
96 2.5028903034274226E-004
97 2.4517969095199613E-004
98 2.1184733217256851E-004
99 2.1461901123806296E-004
100 2.2280424287129887E-004
101 2.5818950391830674E-004
102 2.7971883064965955E-004
103 2.7582757447280323E-004
104 2.5522150110792341E-004
105 2.2149772534462654E-004
106 2.1219168609412013E-004
107 2.3313204159080620E-004
108 2.5391498358125106E-004
109 2.5731454412005996E-004
110 2.4129781810471826E-004
111 2.7305589540730876E-004
112 2.6937157681082840E-004
113 2.4476635783698584E-004
114 2.7292855085587852E-004
115 2.4725204833890026E-004
116 2.1208379666201371E-004
117 2.8925887337779405E-004
118 2.6263082109118216E-004
119 2.2345280996984579E-004
120 2.7248637929196584E-004
121 2.6449747140361887E-004
122 2.6603038162999106E-004
123 2.8521143420060511E-004
124 2.7737993981849924E-004
125 2.6588358195923695E-004
126 3.2573487308726150E-004
127 3.2870287589764489E-004
128 2.9541065786277355E-004
129 2.8431701928303445E-004
130 2.7292855085587852E-004
131 2.5002249689848609E-004
132 2.6674792792199663E-004
133 2.3821131202674141E-004
134 2.9982313658674658E-004
135 2.6349516705394184E-004
136 2.8177173291723986E-004
137 2.2207731324971479E-004
138 2.5731454412005996E-004
139 2.4732102753235893E-004
140 3.2424087309953700E-004
141 3.0130775324489257E-004
142 2.4841176619481845E-004
143 2.6537243120186566E-004
144 3.1064085839265101E-004
145 2.4500159182052245E-004
146 2.6796601113588645E-004
147 2.0856573285561134E-004
148 2.9900777265238002E-004
149 2.6768125307821499E-004
150 3.0486472728994269E-004
151 2.7109142745251099E-004
152 2.5981084845746148E-004
153 2.9864396361150447E-004
154 2.3495978166459516E-004
155 2.5537891461416458E-004
156 2.2963343290372765E-004
157 2.7296746109452627E-004
158 2.3869362433521038E-004
159 2.1637777211839328E-004
160 2.7520853428332552E-004
161 1.9902445962156830E-004
162 2.2127133264492668E-004
163 2.2988935251249673E-004
164 2.4525628092338298E-004
165 2.3836872553298263E-004
166 2.2366858883405855E-004
167 2.4316446841715498E-004
168 2.4792007055677104E-004
169 2.2611536909732528E-004
170 1.8451057487778780E-004
171 2.2593850047176019E-004
172 2.3438903504334371E-004
173 2.1526634783070129E-004
174 2.7055959106990729E-004
175 2.1285970831199090E-004
176 2.4259372179590350E-004
177 2.3532236019956207E-004
178 1.9454300170413654E-004
179 1.8162162305060848E-004
180 2.2835521178021597E-004
181 2.1124774710241467E-004
182 1.8428418217808794E-004
183 2.3605936161089154E-004
184 1.9120180652329924E-004
185 1.9502408350669694E-004
186 2.2156493198643491E-004
187 1.4885062756285383E-004
188 1.7026145102661317E-004
189 1.9329484953543584E-004
190 1.5251549104001034E-004
191 1.7231558380010204E-004
192 1.9669441007424474E-004
193 1.4679649478936495E-004
194 1.8838183388957856E-004
195 1.4644275753823485E-004
196 1.3941724376091716E-004
197 1.4513624001156252E-004
198 1.4172606563726651E-004
199 1.5115944943920319E-004
200 1.5384269419191509E-004
201 1.7955687644163247E-004
202 1.3729413179396961E-004
203 1.5759476147594555E-004
204 1.3692093942351563E-004
205 1.2092366852749777E-004
206 1.3720569748118709E-004
207 1.2153332538739696E-004
208 8.6865610632394681E-005
209 9.3871669290388501E-005
210 1.0175268774662913E-004
211 8.1166069501073166E-005
212 9.9502231228251346E-005
213 1.1349489342491517E-004
214 1.0471946005110390E-004
215 1.1978340579090342E-004
216 7.5358638937645284E-005
217 9.4873973640065528E-005
218 1.0650828988624519E-004
219 7.9023502414801770E-005
220 1.1882001167987411E-004
221 8.9655514311304382E-005
222 1.0297077096051893E-004
223 4.7589093408530423E-005
224 8.2757345085416941E-005
225 7.7648005694670768E-005
226 6.6908104366061763E-005
227 8.8191583278390861E-005
228 3.4883493619215081E-005
229 5.1736269194155872E-005
230 4.3353483310122443E-005
231 4.8876155815878887E-005
232 4.9859005046232060E-005
233 5.5578001296877430E-005
234 3.1041761516493523E-005
235 2.7592676903549796E-005
236 4.5427071202935160E-005
237 1.0347253838831174E-005
238 2.4536239780383906E-005
239 3.1434409006271354E-005
240 6.8981692258874491E-006
