0 6.7351604450242377E-006
1 3.0360615051411586E-005
2 5.6224137399633347E-005
3 9.5753589567728028E-005
4 9.9369171768867132E-005
5 5.5021274650632112E-005
6 1.1712001921275995E-004
7 1.1462347088253807E-004
8 1.4092012552945074E-004
9 1.4524256652233717E-004
10 1.6994514056059969E-004
11 1.5544660863185341E-004
12 2.0387942337410836E-004
13 2.1011857986187864E-004
14 2.5304704808176698E-004
15 2.5328457145063345E-004
16 2.9055499865737267E-004
17 2.5868413187539501E-004
18 3.0608873557895212E-004
19 3.0499065892755596E-004
20 3.3728894669337244E-004
21 3.6315818035644634E-004
22 3.0561940015607129E-004
23 3.0223563000894658E-004
24 3.5877286770499687E-004
25 4.3244046356695818E-004
26 3.9940864847502137E-004
27 4.9451825090956504E-004
28 3.7855918000676426E-004
29 4.4171408678124637E-004
30 4.3956684187163134E-004
31 4.8369817284052094E-004
32 4.7815191187911232E-004
33 5.2907556363673705E-004
34 4.9077692539130000E-004
35 5.2959823612836409E-004
36 4.8775388129448628E-004
37 6.0257421910324697E-004
38 5.9884559885396932E-004
39 4.9353195430990927E-004
40 5.7603178913693425E-004
41 6.6491748098837663E-004
42 5.5204306784455441E-004
43 6.2211603872489767E-004
44 5.9045348614173191E-004
45 6.5175454907989304E-004
46 6.6358887492224935E-004
47 6.9733326012078566E-004
48 6.3378142417180264E-004
49 7.4841631768404488E-004
50 6.5290153412446666E-004
51 7.4365375043833218E-004
52 7.5379492088928552E-004
53 7.5966952805177996E-004
54 7.5131932977858451E-004
55 7.5893471808637634E-004
56 8.4991748845785809E-004
57 8.6931957685411213E-004
58 8.1940446155494740E-004
59 7.7668684816955256E-004
60 8.4795314720908003E-004
61 8.2095091640970342E-004
62 7.6982594440740213E-004
63 8.4109352608621312E-004
64 7.8988344256654451E-004
65 8.6033238540186765E-004
66 7.9823364083973997E-004
67 9.7999529605946037E-004
68 9.1815060341015123E-004
69 8.1800470723683843E-004
70 8.6936848524728932E-004
71 9.7517113979446804E-004
72 8.2917408872648960E-004
73 9.2871791220565999E-004
74 8.4531560965706324E-004
75 9.6050366747027049E-004
76 9.2667545339364995E-004
77 9.7622030805268685E-004
78 8.8884615057109378E-004
79 9.8740111217204222E-004
80 9.3542512147702791E-004
81 9.9022982997831461E-004
82 9.3760031756029937E-004
83 9.6897960906059191E-004
84 1.0288555317855541E-003
85 9.5994350921517024E-004
86 9.7404511196941539E-004
87 1.0200207521848092E-003
88 1.0103349538913510E-003
89 9.8591310030028017E-004
90 1.0922047648505775E-003
91 1.0383514324640399E-003
92 1.0590834095657044E-003
93 1.0158056379252092E-003
94 1.0278539892812296E-003
95 1.0195653800273139E-003
96 9.7915569999645164E-004
97 1.1270192755268534E-003
98 1.1480757755546391E-003
99 1.0306928470779229E-003
100 1.0106454889092014E-003
101 1.1477112262293634E-003
102 1.2007319565070275E-003
103 1.2956027529334214E-003
104 1.1897581839472010E-003
105 1.1274066701115377E-003
106 1.1290998255029407E-003
107 1.1588863190338666E-003
108 1.0304959555088153E-003
109 1.1639727791622112E-003
110 9.4481938209419413E-004
111 9.7254500022927028E-004
112 1.1359607292650911E-003
113 1.0343115753153474E-003
114 1.1144533103982642E-003
115 1.0842127273491264E-003
116 9.4251716005451340E-004
117 9.5695981427883193E-004
118 8.6644637933023095E-004
119 9.7107283966278149E-004
120 1.0878187749604488E-003
121 9.4218881385342741E-004
122 8.9382586472387096E-004
123 9.7695315814012819E-004
124 8.8152220345863387E-004
125 7.7524704280940377E-004
126 8.2751517658131383E-004
127 7.5750190668036300E-004
128 8.4249828983760998E-004
129 6.9720809756137862E-004
130 7.9857653106393041E-004
131 7.3189686492052864E-004
132 7.2535731340532886E-004
133 7.1022304629393186E-004
134 5.3076233047460878E-004
135 6.0232077259103243E-004
136 6.0048916861351579E-004
137 5.5706469643637354E-004
138 4.9706557102996668E-004
139 4.6336310027047232E-004
140 4.0343955179161577E-004
141 4.0171273391170423E-004
142 3.4255891588315813E-004
143 3.4344042638520886E-004
144 2.8135692772774990E-004
145 2.3163042740427436E-004
146 2.4917042001367380E-004
147 2.2595714048645639E-004
148 1.8231610215996866E-004
149 1.7510589497721153E-004
150 1.8029460056747976E-004
151 8.7555803146031802E-005
152 9.8788056294245866E-005
153 9.9040825567781252E-005
154 7.6771928201177568E-005
155 9.3878788511886141E-005
156 5.5167975187279170E-005
157 5.8741642949376240E-005
158 9.4528486959922500E-005
159 2.1387386864552942E-005
160 4.8628423672079389E-005
161 2.8143504529098185E-005
162 1.6890294161363114E-005
163 2.7241036807526440E-005
164 1.9344928052542980E-005
165 6.7561176645452454E-006
166 1.0350742646163325E-005
167 3.3780588322726227E-006
168 3.3780588322726227E-006
169 7.8751515354624500E-006
170 0.0000000000000000
171 6.9726838138907024E-006
172 3.3780588322726227E-006
173 3.3780588322726227E-006
174 0.0000000000000000
175 3.3780588322726227E-006
176 0.0000000000000000
177 0.0000000000000000
178 0.0000000000000000
179 0.0000000000000000
180 0.0000000000000000
181 0.0000000000000000
182 0.0000000000000000
183 0.0000000000000000
184 0.0000000000000000
185 0.0000000000000000
186 0.0000000000000000
187 0.0000000000000000
188 0.0000000000000000
189 0.0000000000000000
190 0.0000000000000000
191 0.0000000000000000
192 0.0000000000000000
193 0.0000000000000000
194 0.0000000000000000
195 0.0000000000000000
196 0.0000000000000000
197 0.0000000000000000
198 0.0000000000000000
199 0.0000000000000000
200 0.0000000000000000
201 0.0000000000000000
202 0.0000000000000000
203 0.0000000000000000
204 0.0000000000000000
205 0.0000000000000000
206 0.0000000000000000
207 0.0000000000000000
208 0.0000000000000000
209 0.0000000000000000
210 0.0000000000000000
211 0.0000000000000000
212 0.0000000000000000
213 0.0000000000000000
214 0.0000000000000000
215 0.0000000000000000
216 0.0000000000000000
217 0.0000000000000000
218 0.0000000000000000
219 0.0000000000000000
220 0.0000000000000000
221 0.0000000000000000
222 0.0000000000000000
223 0.0000000000000000
224 0.0000000000000000
225 0.0000000000000000
226 0.0000000000000000
227 0.0000000000000000
228 0.0000000000000000
229 0.0000000000000000
230 0.0000000000000000
231 0.0000000000000000
232 0.0000000000000000
233 0.0000000000000000
234 0.0000000000000000
235 0.0000000000000000
236 0.0000000000000000
237 0.0000000000000000
238 0.0000000000000000
239 0.0000000000000000
240 0.0000000000000000
