0 1.1153046566200022E-006
1 3.3459139698600067E-006
2 1.1153046566200023E-005
3 3.8000387268225784E-005
4 4.1399653866849596E-005
5 3.5796454269367681E-005
6 4.4692215207945796E-005
7 7.2681536880973466E-005
8 6.7051660969109651E-005
9 8.6118545389177292E-005
10 9.1695068672277292E-005
11 9.9502201268617316E-005
12 1.5556087355781837E-004
13 1.3758261747998882E-004
14 1.4536307376194693E-004
15 1.6214599624001077E-004
16 2.0468763107786228E-004
17 1.8121288066007840E-004
18 1.6772251952311076E-004
19 2.0452757319157084E-004
20 1.9788909788061467E-004
21 1.9451650759637275E-004
22 2.2933103878102992E-004
23 2.4505200923123757E-004
24 2.3607621934951373E-004
25 2.5838231248191375E-004
26 2.5514310376958135E-004
27 2.5726700782529373E-004
28 2.4372329405956234E-004
29 2.7187267361888142E-004
30 2.8180371027093382E-004
31 2.5753377096911277E-004
32 2.8998431126862044E-004
33 2.9210821532433287E-004
34 2.8756696775470716E-004
35 2.9314349103780714E-004
36 3.3340116393365483E-004
37 3.0546519488939097E-004
38 3.8067078054180540E-004
39 3.6016847569253491E-004
40 3.5592066758111010E-004
41 3.2320336413778345E-004
42 3.6797560828887493E-004
43 3.4694487769938628E-004
44 3.7814673177036446E-004
45 4.0409217833082541E-004
46 3.9060181719385780E-004
47 3.6577167529001681E-004
48 4.0624275870091971E-004
49 3.9495633056281022E-004
50 4.4750903099585981E-004
51 4.0836666275663214E-004
52 3.6136380929230067E-004
53 3.7814673177036446E-004
54 4.4875771722438929E-004
55 4.7560505792641511E-004
56 4.2974418543308547E-004
57 4.4434985122667305E-004
58 4.4326122288443505E-004
59 4.0825995749910454E-004
60 5.1363212150902276E-004
61 4.7669368626865316E-004
62 4.7921773504009410E-004
63 5.1923532110650472E-004
64 4.4206588928466929E-004
65 4.7557838161203314E-004
66 4.2506955629155029E-004
67 4.8025301075356843E-004
68 4.8216350429422560E-004
69 4.6222140204697505E-004
70 5.0590501785582843E-004
71 5.3166373021561620E-004
72 4.9453856077457325E-004
73 5.3269900592909042E-004
74 5.6087506180279136E-004
75 4.4076385042737598E-004
76 5.1926199742088658E-004
77 5.1689800653573713E-004
78 6.1706711566390186E-004
79 5.3843558709848179E-004
80 4.5430756419310742E-004
81 4.9222792251818752E-004
82 5.2051068364941612E-004
83 5.3742698769938943E-004
84 5.0356770328506084E-004
85 5.6546966200118095E-004
86 5.0726040934188552E-004
87 5.5861777617516946E-004
88 5.7896002313814862E-004
89 5.3620497778524186E-004
90 5.4966866260782756E-004
91 5.1817336907864853E-004
92 4.4854430670933408E-004
93 4.6219472573259313E-004
94 5.3620497778524186E-004
95 4.6915331681613218E-004
96 5.2181272250670938E-004
97 5.1395223728160563E-004
98 4.5778685973487700E-004
99 5.0917090288254280E-004
100 4.9350328506109892E-004
101 5.1049961805421803E-004
102 5.2746927473295516E-004
103 6.3828458045406397E-004
104 5.0603839942773795E-004
105 5.3663179881535228E-004
106 4.9839132471768931E-004
107 5.5447667332127236E-004
108 4.4910450931135408E-004
109 5.0516318160055511E-004
110 5.3004667613315993E-004
111 5.3546314152996843E-004
112 4.9533885020603026E-004
113 5.2678079110644557E-004
114 4.4822929148417119E-004
115 5.4481239981303889E-004
116 4.9892485100532739E-004
117 5.2457685810758750E-004
118 5.0466143217471886E-004
119 4.3497901717664070E-004
120 4.6328845462225115E-004
121 4.2932246495039496E-004
122 4.5306397851199785E-004
123 4.4172419774512453E-004
124 4.2958922809421395E-004
125 4.0704304813237677E-004
126 4.0274188739218824E-004
127 3.7908040277373104E-004
128 4.1046899104538252E-004
129 3.5669428069818525E-004
130 3.3096224465277956E-004
131 3.0833603574779663E-004
132 3.1643660780233761E-004
133 3.6694543312282052E-004
134 2.4792285008964324E-004
135 2.7944481993320423E-004
136 2.6919366750856896E-004
137 2.7601887702019849E-004
138 2.3339721323920127E-004
139 2.1764956647461176E-004
140 2.7046903005148042E-004
141 1.6820269318198501E-004
142 1.6488345552650692E-004
143 1.5250839904615927E-004
144 1.2210173385921830E-004
145 1.0539884032430016E-004
146 8.1764032020224890E-005
147 6.7158366226637256E-005
148 1.0091094538343825E-004
149 6.4954433227779160E-005
150 4.8091481806569607E-005
151 5.3774710347197226E-005
152 2.4563378760021951E-005
153 3.2450540299507679E-005
154 4.0364378153375294E-005
155 2.6847340702025761E-005
156 1.7924903449065742E-005
157 1.7898227134683841E-005
158 8.9224372529600173E-006
159 1.4578989479205736E-005
160 1.5667617821443837E-005
161 8.9757898817238216E-006
162 1.2295027537201926E-005
163 3.3459139698600067E-006
164 4.4878949408619108E-006
165 3.3459139698600067E-006
166 3.3725902842419088E-006
167 1.1153046566200022E-006
168 0.0000000000000000
169 6.7451805684838176E-006
170 0.0000000000000000
171 0.0000000000000000
172 0.0000000000000000
173 0.0000000000000000
174 0.0000000000000000
175 0.0000000000000000
176 0.0000000000000000
177 0.0000000000000000
178 0.0000000000000000
179 0.0000000000000000
180 0.0000000000000000
181 0.0000000000000000
182 0.0000000000000000
183 0.0000000000000000
184 0.0000000000000000
185 0.0000000000000000
186 0.0000000000000000
187 0.0000000000000000
188 0.0000000000000000
189 0.0000000000000000
190 0.0000000000000000
191 0.0000000000000000
192 0.0000000000000000
193 0.0000000000000000
194 0.0000000000000000
195 0.0000000000000000
196 0.0000000000000000
197 0.0000000000000000
198 0.0000000000000000
199 0.0000000000000000
200 0.0000000000000000
201 0.0000000000000000
202 0.0000000000000000
203 0.0000000000000000
204 0.0000000000000000
205 0.0000000000000000
206 0.0000000000000000
207 0.0000000000000000
208 0.0000000000000000
209 0.0000000000000000
210 0.0000000000000000
211 0.0000000000000000
212 0.0000000000000000
213 0.0000000000000000
214 0.0000000000000000
215 0.0000000000000000
216 0.0000000000000000
217 0.0000000000000000
218 0.0000000000000000
219 0.0000000000000000
220 0.0000000000000000
221 0.0000000000000000
222 0.0000000000000000
223 0.0000000000000000
224 0.0000000000000000
225 0.0000000000000000
226 0.0000000000000000
227 0.0000000000000000
228 0.0000000000000000
229 0.0000000000000000
230 0.0000000000000000
231 0.0000000000000000
232 0.0000000000000000
233 0.0000000000000000
234 0.0000000000000000
235 0.0000000000000000
236 0.0000000000000000
237 0.0000000000000000
238 0.0000000000000000
239 0.0000000000000000
240 0.0000000000000000
