0 5.7856105240724956E-006
1 4.6209238247946017E-006
2 1.0406534348867097E-005
3 1.6293476858001516E-005
4 1.2773730719739860E-005
5 2.3243774081351905E-005
6 2.0775245725417217E-005
7 4.4233820708781969E-005
8 1.3900594446700779E-005
9 2.0850891670051169E-005
10 5.0969317030119516E-005
11 3.5953995788346820E-005
12 4.4132488723720053E-005
13 4.9665475373462728E-005
14 3.9410232913863527E-005
15 4.1663960367785362E-005
16 5.0867985045057586E-005
17 7.7567996251926209E-005
18 7.5529069700017217E-005
19 3.7080859515307741E-005
20 4.5259352450680967E-005
21 5.2360941563299259E-005
22 6.5021203366088184E-005
23 5.6830573498825967E-005
24 6.6046735107987202E-005
25 5.6691418541447062E-005
26 8.7100290748162203E-005
27 1.0177379306243215E-004
28 7.3211833233350428E-005
29 1.1575003345376688E-004
30 9.0417372916300011E-005
31 1.0421663537793887E-004
32 1.0654600877649466E-004
33 7.5288582757576395E-005
34 1.1116693260128926E-004
35 1.0759722655882162E-004
36 1.1916844760696664E-004
37 1.0784985043315145E-004
38 1.2739690044654583E-004
39 1.0538132207721677E-004
40 9.9671357497778222E-005
41 1.0541914504953373E-004
42 1.5773012670862704E-004
43 1.6349005119227155E-004
44 1.4710879145774707E-004
45 1.0778634142040650E-004
46 1.2168693586710728E-004
47 1.1021704680402422E-004
48 1.0789981033735744E-004
49 1.3423372875294529E-004
50 1.4250000456484147E-004
51 1.1695254312536177E-004
52 1.6693415138589924E-004
53 1.4155011876757645E-004
54 1.0771069547577255E-004
55 1.5624930712227435E-004
56 1.3682786295771991E-004
57 1.8073341384753811E-004
58 1.5989465910937596E-004
59 1.9382327745435274E-004
60 1.4030978612366462E-004
61 1.7950521813551526E-004
62 1.6813666105749411E-004
63 1.8083474583260002E-004
64 1.8194806045102198E-004
65 1.9946973302104634E-004
66 1.8546780658928362E-004
67 1.9333016663758206E-004
68 1.9103861621134327E-004
69 1.7163072115532779E-004
70 1.9714035962249053E-004
71 2.0154648254527228E-004
72 1.9357065358002290E-004
73 1.9593784995089569E-004
74 1.7717584473695948E-004
75 1.8287367238450903E-004
76 2.0169777443454021E-004
77 1.9692555872047768E-004
78 2.1311770359341728E-004
79 2.1448505426281900E-004
80 2.4926222641999895E-004
81 1.8078337375174408E-004
82 1.8746891016887564E-004
83 2.6035247358326228E-004
84 2.1082615316717849E-004
85 2.1337032746774709E-004
86 2.3315786442358231E-004
87 1.9938053796787341E-004
88 2.0152079650484432E-004
89 2.3029755723593889E-004
90 2.6212374001626177E-004
91 2.5494650495900954E-004
92 2.3281604549607956E-004
93 2.1901678303444072E-004
94 1.9467183126655585E-004
95 2.1923158393645357E-004
96 2.3731136347203424E-004
97 2.0388799287571709E-004
98 2.3171486780954661E-004
99 2.6617590707965179E-004
100 2.9301507324389927E-004
101 2.5169151962696669E-004
102 1.9122773107292814E-004
103 2.4496957241416814E-004
104 2.1542139095154510E-004
105 1.9259508174232991E-004
106 2.0612958339774991E-004
107 2.2961243224489268E-004
108 2.2145962534994741E-004
109 2.6285882491151397E-004
110 2.2822080771171292E-004
111 2.6580832715233026E-004
112 2.8609046206097685E-004
113 2.2119486454372862E-004
114 2.1591450176831575E-004
115 2.5385746420436561E-004
116 2.8751990956647359E-004
117 1.9711467358206255E-004
118 2.4348875282781545E-004
119 2.6169413821223612E-004
120 2.5731370132988231E-004
121 2.8744426362183967E-004
122 2.3651276956403709E-004
123 2.5745285628726118E-004
124 2.1226914978121416E-004
125 2.2711963002517999E-004
126 2.3519679097549131E-004
127 3.0711833166072389E-004
128 2.6508686632500781E-004
129 2.5031203202567593E-004
130 2.3861520512869102E-004
131 2.7675941935821478E-004
132 2.7555690968661986E-004
133 3.1622102435293421E-004
134 2.5579505877121263E-004
135 3.0228260693391645E-004
136 2.8235591502070236E-004
137 2.6306148888163779E-004
138 2.7368282413251774E-004
139 2.3742483238898518E-004
140 2.4204575621377975E-004
141 2.3039888922100080E-004
142 3.1146094557076069E-004
143 2.4323612895348564E-004
144 2.8045614342617225E-004
145 2.0877508968338048E-004
146 2.6406133458310884E-004
147 2.5744071935537215E-004
148 2.1791560534790776E-004
149 2.0729427009702782E-004
150 2.6046735467686319E-004
151 2.2580365143663419E-004
152 1.9236814390842803E-004
153 2.3170273087765763E-004
154 2.4659103409394040E-004
155 1.9846988731957529E-004
156 2.0343263007187266E-004
157 2.7653248152431290E-004
158 2.1196656600267838E-004
159 2.7927931979500537E-004
160 2.3388081238694551E-004
161 1.8863359686815354E-004
162 1.9821726344524548E-004
163 2.9225571448486911E-004
164 2.2276487918325416E-004
165 2.0517969760048489E-004
166 2.3388081238694551E-004
167 2.2234741431111750E-004
168 2.3870440018186395E-004
169 2.2470247375010123E-004
170 2.1005465747625927E-004
171 1.8891190678291134E-004
172 2.0026832692904346E-004
173 1.7730286276244938E-004
174 2.2323379109563760E-004
175 1.8202511857230588E-004
176 2.5263068066899274E-004
177 2.1427025336080621E-004
178 2.1333391667208011E-004
179 1.8822819396851511E-004
180 2.2377827399326416E-004
181 2.0495275976658303E-004
182 2.3058941625923567E-004
183 1.9464755740277785E-004
184 2.0183834156856908E-004
185 1.5606019226068946E-004
186 1.9360988872898986E-004
187 1.5517381547616938E-004
188 2.2694406427213408E-004
189 1.6896094100591925E-004
190 1.7379666573272669E-004
191 1.9872541050659586E-004
192 1.9209124617032021E-004
193 1.7004998176056317E-004
194 1.5027458173661699E-004
195 1.8433021810708368E-004
196 2.0125744787527548E-004
197 1.4024768928756960E-004
198 1.6126342195542763E-004
199 1.3509583167368739E-004
200 1.2472712029713726E-004
201 2.0739701425873970E-004
202 1.6016224426889471E-004
203 9.7355533207761397E-005
204 1.1787815505884879E-004
205 1.5625071929892433E-004
206 8.7898884656159354E-005
207 1.6340368049239855E-004
208 1.4347698857918446E-004
209 1.1244650039416804E-004
210 1.0421804755458884E-004
211 1.1261134139197492E-004
212 1.2708217973612102E-004
213 1.0654742095314464E-004
214 1.3680500127059186E-004
215 1.1363687313387390E-004
216 1.0311686986805590E-004
217 9.6242218589339464E-005
218 1.2756315362100266E-004
219 9.2406339564003037E-005
220 1.0506660136679195E-004
221 1.4498349420596511E-004
222 6.8314011670447984E-005
223 6.7010170013791210E-005
224 5.4210753253623366E-005
225 6.6022461244209180E-005
226 7.1909403753343603E-005
227 7.9670431816580134E-005
228 6.1401537419414584E-005
229 4.0347981779239570E-005
230 8.1214760415677757E-005
231 3.8018608380683783E-005
232 4.3804218904756277E-005
233 7.0428584166990941E-005
234 5.8895186091162924E-005
235 3.2270820828928266E-005
236 5.1134158027926386E-005
237 4.2639532205478387E-005
238 4.9969471328648489E-005
239 3.4701526212545968E-005
240 6.9124742510334148E-006
