0 2.2306093132400043E-006
1 3.3459139698600067E-006
2 1.2321703851583829E-005
3 1.3383655879440027E-005
4 7.8071325963400154E-006
5 2.5732036045405759E-005
6 2.3474750417783850E-005
7 2.5678683416641956E-005
8 3.3512492327363868E-005
9 3.1281883014123871E-005
10 4.6896148206803905E-005
11 4.8064805492187706E-005
12 5.2632729376195326E-005
13 6.1528490314773440E-005
14 7.1592908538735362E-005
15 7.1539555909971560E-005
16 1.0287479155285923E-004
17 9.3899001671135401E-005
18 9.7298268269759220E-005
19 1.0290146786724115E-004
20 9.1668392357895404E-005
21 1.1851573305992117E-004
22 1.2531426625716878E-004
23 1.2087972394507067E-004
24 1.1838235148801165E-004
25 1.2624283671311545E-004
26 1.4199048347770502E-004
27 1.3421002719574691E-004
28 1.5888011121329646E-004
29 1.6546523389548886E-004
30 1.6557193915301647E-004
31 1.8113285171693271E-004
32 2.1929329687144991E-004
33 1.5752471972723935E-004
34 1.7332571912059269E-004
35 2.0019973613700034E-004
36 2.0806022136210417E-004
37 2.0574958310571847E-004
38 2.1355671570205849E-004
39 2.3485420943536613E-004
40 2.5054850357119187E-004
41 2.3039299080888613E-004
42 2.5277911288443190E-004
43 2.4271469466046993E-004
44 2.2359445761163850E-004
45 2.8414102484170141E-004
46 2.7612048173030618E-004
47 3.2543397345102343E-004
48 2.9295675683713380E-004
49 2.8963751918165576E-004
50 2.9301010946589768E-004
51 3.0636708903095577E-004
52 3.3220583033388912E-004
53 3.2644257285011579E-004
54 3.4197680909965015E-004
55 3.2200803053801774E-004
56 3.5684923803705682E-004
57 3.7227676902906352E-004
58 3.5339661880966921E-004
59 3.9476959636213687E-004
60 3.3661369633160537E-004
61 3.6019515200691682E-004
62 3.3990625767270160E-004
63 3.5676920909391108E-004
64 3.3658702001722346E-004
65 3.8595386436670448E-004
66 3.7254353217288250E-004
67 3.5682256172267491E-004
68 3.3672040158913292E-004
69 3.9397440747809972E-004
70 3.9060181719385780E-004
71 3.4452753418547295E-004
72 3.3013527890694058E-004
73 3.1446766108549675E-004
74 3.5031746798362820E-004
75 3.0679391006106619E-004
76 3.0676723374668433E-004
77 2.4306148674743466E-004
78 2.0275046122282319E-004
79 2.4091090637734036E-004
80 2.4096425900610419E-004
81 1.5564090250096407E-004
82 1.7584976789203360E-004
83 1.4119529459366781E-004
84 1.3787605693818972E-004
85 9.1881802872950614E-005
86 1.1102871623616397E-004
87 8.3039394563136303E-005
88 6.1741900829828664E-005
89 3.7071816812279101E-005
90 4.0444407096521011E-005
91 2.2439474704309559E-005
92 2.0208865391069552E-005
93 1.2348380165965732E-005
94 2.2306093132400043E-006
95 0.0000000000000000
96 0.0000000000000000
97 0.0000000000000000
98 0.0000000000000000
99 0.0000000000000000
100 0.0000000000000000
101 0.0000000000000000
102 0.0000000000000000
103 0.0000000000000000
104 0.0000000000000000
105 0.0000000000000000
106 0.0000000000000000
107 0.0000000000000000
108 0.0000000000000000
109 0.0000000000000000
110 0.0000000000000000
111 0.0000000000000000
112 0.0000000000000000
113 0.0000000000000000
114 0.0000000000000000
115 0.0000000000000000
116 0.0000000000000000
117 0.0000000000000000
118 0.0000000000000000
119 0.0000000000000000
120 0.0000000000000000
121 0.0000000000000000
122 0.0000000000000000
123 0.0000000000000000
124 0.0000000000000000
125 0.0000000000000000
126 0.0000000000000000
127 0.0000000000000000
128 0.0000000000000000
129 0.0000000000000000
130 0.0000000000000000
131 0.0000000000000000
132 0.0000000000000000
133 0.0000000000000000
134 0.0000000000000000
135 0.0000000000000000
136 0.0000000000000000
137 0.0000000000000000
138 0.0000000000000000
139 0.0000000000000000
140 0.0000000000000000
141 0.0000000000000000
142 0.0000000000000000
143 0.0000000000000000
144 0.0000000000000000
145 0.0000000000000000
146 0.0000000000000000
147 0.0000000000000000
148 0.0000000000000000
149 0.0000000000000000
150 0.0000000000000000
151 0.0000000000000000
152 0.0000000000000000
153 0.0000000000000000
154 0.0000000000000000
155 0.0000000000000000
156 0.0000000000000000
157 0.0000000000000000
158 0.0000000000000000
159 0.0000000000000000
160 0.0000000000000000
161 0.0000000000000000
162 0.0000000000000000
163 0.0000000000000000
164 0.0000000000000000
165 0.0000000000000000
166 0.0000000000000000
167 0.0000000000000000
168 0.0000000000000000
169 0.0000000000000000
170 0.0000000000000000
171 0.0000000000000000
172 0.0000000000000000
173 0.0000000000000000
174 0.0000000000000000
175 0.0000000000000000
176 0.0000000000000000
177 0.0000000000000000
178 0.0000000000000000
179 0.0000000000000000
180 0.0000000000000000
181 0.0000000000000000
182 0.0000000000000000
183 0.0000000000000000
184 0.0000000000000000
185 0.0000000000000000
186 0.0000000000000000
187 0.0000000000000000
188 0.0000000000000000
189 0.0000000000000000
190 0.0000000000000000
191 0.0000000000000000
192 0.0000000000000000
193 0.0000000000000000
194 0.0000000000000000
195 0.0000000000000000
196 0.0000000000000000
197 0.0000000000000000
198 0.0000000000000000
199 0.0000000000000000
200 0.0000000000000000
201 0.0000000000000000
202 0.0000000000000000
203 0.0000000000000000
204 0.0000000000000000
205 0.0000000000000000
206 0.0000000000000000
207 0.0000000000000000
208 0.0000000000000000
209 0.0000000000000000
210 0.0000000000000000
211 0.0000000000000000
212 0.0000000000000000
213 0.0000000000000000
214 0.0000000000000000
215 0.0000000000000000
216 0.0000000000000000
217 0.0000000000000000
218 0.0000000000000000
219 0.0000000000000000
220 0.0000000000000000
221 0.0000000000000000
222 0.0000000000000000
223 0.0000000000000000
224 0.0000000000000000
225 0.0000000000000000
226 0.0000000000000000
227 0.0000000000000000
228 0.0000000000000000
229 0.0000000000000000
230 0.0000000000000000
231 0.0000000000000000
232 0.0000000000000000
233 0.0000000000000000
234 0.0000000000000000
235 0.0000000000000000
236 0.0000000000000000
237 0.0000000000000000
238 0.0000000000000000
239 0.0000000000000000
240 0.0000000000000000
