0 1.1153046566200022E-006
1 0.0000000000000000
2 2.2306093132400043E-006
3 1.1153046566200022E-006
4 0.0000000000000000
5 0.0000000000000000
6 0.0000000000000000
7 0.0000000000000000
8 3.3725902842419088E-006
9 3.3459139698600067E-006
10 3.3459139698600067E-006
11 1.1153046566200022E-006
12 4.4612186264800087E-006
13 3.3459139698600067E-006
14 1.0037741909580021E-005
15 5.5765232831000115E-006
16 6.6918279397200134E-006
17 3.3459139698600067E-006
18 1.7871550820301939E-005
19 6.6918279397200134E-006
20 1.3383655879440027E-005
21 7.8071325963400154E-006
22 1.5640941507061935E-005
23 7.8338089107219183E-006
24 1.8986855476921938E-005
25 1.3383655879440027E-005
26 1.0037741909580021E-005
27 1.2268351222820025E-005
28 7.8071325963400154E-006
29 1.7844874505920035E-005
30 1.6729569849300033E-005
31 1.1153046566200023E-005
32 1.4498960536060030E-005
33 2.0075483819160042E-005
34 2.2332769446781947E-005
35 2.7935969044263862E-005
36 1.8960179162540040E-005
37 2.3421397789020044E-005
38 1.7844874505920035E-005
39 2.0102160133541943E-005
40 1.8960179162540040E-005
41 3.1255206699741963E-005
42 3.3512492327363868E-005
43 3.4574444355220071E-005
44 1.6729569849300033E-005
45 3.1255206699741963E-005
46 3.2343835041980067E-005
47 3.5689749011840069E-005
48 3.6831729982841976E-005
49 1.8960179162540040E-005
50 3.4574444355220071E-005
51 4.0150967638320084E-005
52 3.4574444355220071E-005
53 4.1292948609321991E-005
54 4.9073404891280100E-005
55 4.9073404891280100E-005
56 5.6880537487620110E-005
57 4.2381576951560088E-005
58 4.7958100234660101E-005
59 5.7995842144240122E-005
60 6.2457060770720123E-005
61 4.9073404891280100E-005
62 4.6842795578040089E-005
63 2.6767311758880054E-005
64 4.3496881608180086E-005
65 5.0188709547900105E-005
66 4.9073404891280100E-005
67 3.9035662981700079E-005
68 3.4574444355220071E-005
69 3.5689749011840069E-005
70 2.6767311758880054E-005
71 4.2381576951560088E-005
72 3.6805053668460075E-005
73 2.8997921072120061E-005
74 1.8960179162540040E-005
75 2.8997921072120061E-005
76 1.1153046566200023E-005
77 1.0037741909580021E-005
78 5.5765232831000115E-006
79 1.1153046566200022E-006
80 0.0000000000000000
81 0.0000000000000000
82 0.0000000000000000
83 0.0000000000000000
84 0.0000000000000000
85 0.0000000000000000
86 0.0000000000000000
87 0.0000000000000000
88 0.0000000000000000
89 0.0000000000000000
90 0.0000000000000000
91 0.0000000000000000
92 0.0000000000000000
93 0.0000000000000000
94 0.0000000000000000
95 0.0000000000000000
96 0.0000000000000000
97 0.0000000000000000
98 0.0000000000000000
99 0.0000000000000000
100 0.0000000000000000
101 0.0000000000000000
102 0.0000000000000000
103 0.0000000000000000
104 0.0000000000000000
105 0.0000000000000000
106 0.0000000000000000
107 0.0000000000000000
108 0.0000000000000000
109 0.0000000000000000
110 0.0000000000000000
111 0.0000000000000000
112 0.0000000000000000
113 0.0000000000000000
114 0.0000000000000000
115 0.0000000000000000
116 0.0000000000000000
117 0.0000000000000000
118 0.0000000000000000
119 0.0000000000000000
120 0.0000000000000000
121 0.0000000000000000
122 0.0000000000000000
123 0.0000000000000000
124 0.0000000000000000
125 0.0000000000000000
126 0.0000000000000000
127 0.0000000000000000
128 0.0000000000000000
129 0.0000000000000000
130 0.0000000000000000
131 0.0000000000000000
132 0.0000000000000000
133 0.0000000000000000
134 0.0000000000000000
135 0.0000000000000000
136 0.0000000000000000
137 0.0000000000000000
138 0.0000000000000000
139 0.0000000000000000
140 0.0000000000000000
141 0.0000000000000000
142 0.0000000000000000
143 0.0000000000000000
144 0.0000000000000000
145 0.0000000000000000
146 0.0000000000000000
147 0.0000000000000000
148 0.0000000000000000
149 0.0000000000000000
150 0.0000000000000000
151 0.0000000000000000
152 0.0000000000000000
153 0.0000000000000000
154 0.0000000000000000
155 0.0000000000000000
156 0.0000000000000000
157 0.0000000000000000
158 0.0000000000000000
159 0.0000000000000000
160 0.0000000000000000
161 0.0000000000000000
162 0.0000000000000000
163 0.0000000000000000
164 0.0000000000000000
165 0.0000000000000000
166 0.0000000000000000
167 0.0000000000000000
168 0.0000000000000000
169 0.0000000000000000
170 0.0000000000000000
171 0.0000000000000000
172 0.0000000000000000
173 0.0000000000000000
174 0.0000000000000000
175 0.0000000000000000
176 0.0000000000000000
177 0.0000000000000000
178 0.0000000000000000
179 0.0000000000000000
180 0.0000000000000000
181 0.0000000000000000
182 0.0000000000000000
183 0.0000000000000000
184 0.0000000000000000
185 0.0000000000000000
186 0.0000000000000000
187 0.0000000000000000
188 0.0000000000000000
189 0.0000000000000000
190 0.0000000000000000
191 0.0000000000000000
192 0.0000000000000000
193 0.0000000000000000
194 0.0000000000000000
195 0.0000000000000000
196 0.0000000000000000
197 0.0000000000000000
198 0.0000000000000000
199 0.0000000000000000
200 0.0000000000000000
201 0.0000000000000000
202 0.0000000000000000
203 0.0000000000000000
204 0.0000000000000000
205 0.0000000000000000
206 0.0000000000000000
207 0.0000000000000000
208 0.0000000000000000
209 0.0000000000000000
210 0.0000000000000000
211 0.0000000000000000
212 0.0000000000000000
213 0.0000000000000000
214 0.0000000000000000
215 0.0000000000000000
216 0.0000000000000000
217 0.0000000000000000
218 0.0000000000000000
219 0.0000000000000000
220 0.0000000000000000
221 0.0000000000000000
222 0.0000000000000000
223 0.0000000000000000
224 0.0000000000000000
225 0.0000000000000000
226 0.0000000000000000
227 0.0000000000000000
228 0.0000000000000000
229 0.0000000000000000
230 0.0000000000000000
231 0.0000000000000000
232 0.0000000000000000
233 0.0000000000000000
234 0.0000000000000000
235 0.0000000000000000
236 0.0000000000000000
237 0.0000000000000000
238 0.0000000000000000
239 0.0000000000000000
240 0.0000000000000000
