0 2.2925578985497276E-006
1 1.0383860044202067E-005
2 4.6187905474636017E-006
3 1.3755347391298366E-005
4 1.2676417942751796E-005
5 1.6115254790576384E-005
6 2.7645393784053316E-005
7 2.7611719033689167E-005
8 3.1084230631877910E-005
9 5.4211858119560056E-005
10 5.7650694967384657E-005
11 7.1540741360139601E-005
12 1.0272599624310996E-004
13 7.2653345559050325E-005
14 7.2619670808686177E-005
15 1.0137766879165022E-004
16 6.9147159210497441E-005
17 7.0259763409408150E-005
18 7.4919541971645072E-005
19 9.3387390897090310E-005
20 1.0606380883984213E-004
21 1.0141134354201437E-004
22 1.0134399404128606E-004
23 1.2228008788151093E-004
24 1.3377655212462372E-004
25 9.5545249794183460E-005
26 1.4645297006737551E-004
27 1.3954162162136218E-004
28 1.3603543527280929E-004
29 1.7416571335215713E-004
30 1.4287943421809434E-004
31 1.6954692280469352E-004
32 1.7989710809853142E-004
33 1.4520566686700820E-004
34 1.7409836385142883E-004
35 1.9476505968874051E-004
36 1.7173845645215079E-004
37 2.0754250188258477E-004
38 1.7868347964852826E-004
39 1.9135989759128008E-004
40 1.5781473530903170E-004
41 2.0063115343657144E-004
42 1.8664008279272403E-004
43 2.0521626923367087E-004
44 2.0396896603330360E-004
45 2.0390161653257530E-004
46 2.3410896621809150E-004
47 2.1313919762750246E-004
48 2.5723659370577366E-004
49 2.1789268717642266E-004
50 2.6290063895141971E-004
51 2.2234310397206556E-004
52 2.5700087045322465E-004
53 2.7112664009852860E-004
54 2.3296268726881664E-004
55 2.6755310424924744E-004
56 2.9749105593185045E-004
57 2.5032524525976034E-004
58 2.7786961479272121E-004
59 3.0328980017895309E-004
60 2.5602296525577050E-004
61 2.5925975360141019E-004
62 3.0433505487713553E-004
63 2.6064175580323411E-004
64 2.5919240410068195E-004
65 2.8707352113728425E-004
66 2.4530235770792695E-004
67 2.6172068525178067E-004
68 3.4715147300467522E-004
69 2.5936077785250266E-004
70 2.7665598634271806E-004
71 2.5100007770393717E-004
72 3.1471891492133755E-004
73 2.9625106599589232E-004
74 2.9287226538438689E-004
75 2.3755511633032525E-004
76 2.9273756638293030E-004
77 2.7776859054162880E-004
78 2.8565784418509621E-004
79 3.3569599677633574E-004
80 3.2407214679617554E-004
81 3.2635739143031610E-004
82 2.9742370643112215E-004
83 3.5036189986435988E-004
84 2.9749105593185045E-004
85 3.2052497243284934E-004
86 3.0332347492931721E-004
87 3.2746999562922684E-004
88 3.2070797271348841E-004
89 3.5517542564959928E-004
90 2.7891486949090365E-004
91 3.0328980017895309E-004
92 3.6671287790748536E-004
93 3.2888567258141483E-004
94 3.1020114862496641E-004
95 3.5281551825032127E-004
96 2.8361563606791386E-004
97 3.6798654259380766E-004
98 3.2868362407923000E-004
99 3.3465074207815335E-004
100 3.7381896159127443E-004
101 3.7142537944163224E-004
102 3.2070065944907932E-004
103 3.3673393821010903E-004
104 3.5980152946147204E-004
105 2.8034517297191006E-004
106 3.1155678934083531E-004
107 3.9462766969445185E-004
108 3.4489990312089878E-004
109 3.4266738145866826E-004
110 3.6361810182771142E-004
111 3.6796749437226185E-004
112 3.6916649629344664E-004
113 3.7142537944163224E-004
114 3.7719044893837076E-004
115 3.2194796264944659E-004
116 3.4032210058820855E-004
117 3.7980070611901608E-004
118 3.5545213691692156E-004
119 4.0507887923938222E-004
120 4.0640084520488699E-004
121 3.7975971810424276E-004
122 3.4038213682452764E-004
123 3.6357711381293804E-004
124 4.0994070630380404E-004
125 4.5277175096016203E-004
126 3.6242352159925409E-004
127 3.7896039149470028E-004
128 3.3005831301664471E-004
129 3.9947044853732785E-004
130 3.6353612579816477E-004
131 4.1799102043468302E-004
132 3.2558884799945606E-004
133 3.9146554411394966E-004
134 3.5689417535506458E-004
135 3.2579089650164095E-004
136 3.9025191566394645E-004
137 4.1135638325599208E-004
138 3.2458458131604694E-004
139 3.4637561630940597E-004
140 4.2275913651242157E-004
141 3.6596338269817108E-004
142 4.2393177694765146E-004
143 3.4539771111195188E-004
144 4.0210706720392826E-004
145 3.7766920870787793E-004
146 3.5812243033388609E-004
147 4.0563961503843610E-004
148 4.0091248697547087E-004
149 3.4775319681850238E-004
150 3.1201650088879667E-004
151 3.6048233773316416E-004
152 4.4387091736887625E-004
153 3.3627578079693544E-004
154 3.7429040809637245E-004
155 3.1083654718915769E-004
156 4.0681956873807502E-004
157 3.7325977992700836E-004
158 3.8145210632375319E-004
159 3.1070626988042861E-004
160 3.7909219892447513E-004
161 3.3978928040989746E-004
162 2.9585294481903788E-004
163 3.5585623392129129E-004
164 3.8965174598490712E-004
165 3.7337543070691909E-004
166 3.0155066481504805E-004
167 3.4683532785736738E-004
168 3.4204816355808311E-004
169 3.8639590941772156E-004
170 3.4096192084512734E-004
171 3.8162048007557391E-004
172 3.3291160671424826E-004
173 3.3071275980238186E-004
174 3.8063083992098315E-004
175 3.5618855973220537E-004
176 3.1212194683261665E-004
177 3.1209558534666163E-004
178 2.8209759742773947E-004
179 3.1001970247911516E-004
180 2.6234877055156285E-004
181 3.7361115395946815E-004
182 2.8447655304856336E-004
183 3.4229562176776868E-004
184 2.8577947079252227E-004
185 2.9379611017303723E-004
186 3.1235324839243821E-004
187 3.2631064428592145E-004
188 3.0775350606652041E-004
189 2.7998803980982883E-004
190 2.9028261056007510E-004
191 2.6819292450616623E-004
192 2.4522924907757727E-004
193 2.7082512148003906E-004
194 2.0468344905535981E-004
195 2.3951690255274879E-004
196 2.1063151883273735E-004
197 1.9431421553997610E-004
198 2.3707501912392413E-004
199 1.9547954271079677E-004
200 1.8743654184432692E-004
201 2.7649358841841262E-004
202 1.8288510079759158E-004
203 2.3371084504123703E-004
204 2.1532497214533843E-004
205 2.1998475070757537E-004
206 1.8528599621164292E-004
207 1.7010034533933820E-004
208 1.5513868276244587E-004
209 1.8742922857991774E-004
210 1.4234661403978328E-004
211 1.2609666024775029E-004
212 1.4230562602500995E-004
213 1.7479379865193925E-004
214 1.1102666015535633E-004
215 1.3430361317331343E-004
216 1.1929364931723858E-004
217 1.3884042769123041E-004
218 1.1685907915282309E-004
219 1.1110132292049380E-004
220 1.1460019600463751E-004
221 9.8432218242151167E-005
222 7.7589835388609585E-005
223 8.9146335868041485E-005
224 8.5673824269852749E-005
225 6.1366243082531583E-005
226 5.4421219886154111E-005
227 9.9530195912243545E-005
228 7.5297277490059855E-005
229 6.5944045615221877E-005
230 6.9498533242957241E-005
231 5.6829428564614617E-005
232 9.5027056144690727E-005
233 4.3962697076814582E-005
234 3.1218929633334496E-005
235 2.8926371734784767E-005
236 1.8549824954991869E-005
237 4.1636464427900711E-005
238 3.9425882558897609E-005
239 3.8238615594849437E-005
240 1.7362557990943687E-005
