0 0.0000000000000000
1 1.3758438830838764E-005
2 1.0313204279270494E-005
3 1.8344585107785020E-005
4 3.4407346764814072E-005
5 1.7158674631538398E-005
6 3.4407346764814072E-005
7 2.8590291260752559E-005
8 6.8814693529628144E-005
9 7.5660163881896041E-005
10 5.4988756572486419E-005
11 4.5793964643159588E-005
12 6.6442872577134895E-005
13 7.5615165131027396E-005
14 9.3937250863378104E-005
15 7.5592665755593074E-005
16 8.2505634234163950E-005
17 1.0890409954589781E-004
18 9.0537015062678471E-005
19 7.2147431204024824E-005
20 1.2494436182749254E-004
21 1.3863530253202834E-004
22 1.0993251439410421E-004
23 1.2601777542656757E-004
24 1.5355715246367942E-004
25 1.6044762156681595E-004
26 1.9136473502919310E-004
27 1.8114152825165992E-004
28 1.7879220667460098E-004
29 1.8333335420067859E-004
30 1.6035762406507866E-004
31 1.5583897591443539E-004
32 1.9478747020532707E-004
33 1.9136473502919310E-004
34 2.2011252191798589E-004
35 1.9366905785538340E-004
36 2.0964182201067518E-004
37 2.0165543993302929E-004
38 2.2456367194232627E-004
39 1.9252814613000542E-004
40 2.5559328228187499E-004
41 2.4407166815092359E-004
42 2.2561458616596696E-004
43 2.2225934911613594E-004
44 2.5429487492845679E-004
45 2.3939552437224004E-004
46 2.6474405496428055E-004
47 2.9554769204553878E-004
48 2.6123034278246197E-004
49 2.5671169463181866E-004
50 3.0818771852643385E-004
51 2.7718060756231944E-004
52 2.3467438184268788E-004
53 2.6800831500842692E-004
54 2.6225875763066835E-004
55 2.3364596699448147E-004
56 2.8747131246615557E-004
57 3.4015574621245172E-004
58 2.9897042722167272E-004
59 3.1852342218113865E-004
60 2.8176675383926567E-004
61 3.1727001357858908E-004
62 2.9803298937915098E-004
63 3.4364597951488864E-004
64 3.7588497921006573E-004
65 3.0809772102469656E-004
66 3.3105095178486213E-004
67 3.6778512075130086E-004
68 3.4606377872219791E-004
69 3.3559209931093980E-004
70 2.9317587109304547E-004
71 3.2178866172923238E-004
72 2.5981943855187212E-004
73 2.8747131246615557E-004
74 3.9053585713255760E-004
75 3.7454059360183146E-004
76 3.1603910435147381E-004
77 3.3782892401082714E-004
78 3.6199154412662102E-004
79 3.8366788740485535E-004
80 3.9630791388575043E-004
81 3.3335527461105245E-004
82 4.0102905641530262E-004
83 3.5521357190065612E-004
84 4.1601840447325663E-004
85 4.0554770456594587E-004
86 3.8298088120395323E-004
87 3.6999944607575390E-004
88 3.8603970835734860E-004
89 3.8847902743614478E-004
90 4.0572965857731520E-004
91 3.2541487078822256E-004
92 4.0782952801670183E-004
93 3.9203773836883203E-004
94 4.0687057030269319E-004
95 4.4248632691918819E-004
96 4.3098623265972369E-004
97 3.8387136128771159E-004
98 4.1590590759608503E-004
99 4.5391696404445501E-004
100 4.6089841015327620E-004
101 4.1020134896919513E-004
102 3.8736159459014851E-004
103 3.7926173613138370E-004
104 4.4367321689938220E-004
105 3.8736159459014851E-004
106 4.0702904543468081E-004
107 4.5181709460506833E-004
108 4.4451869823227189E-004
109 4.4114096180700656E-004
110 4.9461679170929342E-004
111 4.4049993386092057E-004
112 4.4577308633876893E-004
113 4.4574960745938721E-004
114 4.3566237643840726E-004
115 4.4134443568986286E-004
116 4.3698524217515453E-004
117 3.8149856083127094E-004
118 4.2649106338846210E-004
119 4.3481689510551752E-004
120 4.6886229285548776E-004
121 4.0935586763630544E-004
122 4.0935488813235803E-004
123 4.5152166421258009E-004
124 4.6304425784747885E-004
125 4.5295800633044631E-004
126 3.8628916049502087E-004
127 3.7168426082734502E-004
128 4.3233061826795796E-004
129 4.5877408233056046E-004
130 4.2459564733587907E-004
131 4.3819365202683549E-004
132 4.1544389514952616E-004
133 4.2470814421305067E-004
134 4.3746066757111739E-004
135 4.4367125789148744E-004
136 4.0481276110233307E-004
137 4.6951869275887250E-004
138 3.9902016398160058E-004
139 4.0604562933734304E-004
140 3.8859152431331638E-004
141 4.0481374060628037E-004
142 4.0127654954508012E-004
143 4.4168388532927241E-004
144 4.1188518421683890E-004
145 3.5678393076718089E-004
146 4.8898071071265385E-004
147 4.2454868957711564E-004
148 4.8468999482819585E-004
149 4.2799294462473664E-004
150 4.6155383055271359E-004
151 4.5658127687759438E-004
152 3.4749718232822202E-004
153 4.5584927192582369E-004
154 3.8251788925344700E-004
155 4.2559764479286168E-004
156 3.7526253262362442E-004
157 4.4088046423540917E-004
158 4.4754398057630777E-004
159 5.1341430283760700E-004
160 3.8126154213905525E-004
161 4.2972275812719633E-004
162 3.6748060393278215E-004
163 3.8112556638250194E-004
164 4.3410347151339162E-004
165 4.0528720699434847E-004
166 4.1676382237443126E-004
167 3.4680919662337254E-004
168 4.5352049071630424E-004
169 4.1562193114510592E-004
170 4.0861798566085042E-004
171 4.0302788291902687E-004
172 4.2383526598498979E-004
173 4.1434504366317463E-004
174 3.5354021109057406E-004
175 4.4208789458314278E-004
176 4.3679322223380746E-004
177 3.5125740813587075E-004
178 3.7441509228283997E-004
179 3.9045535456443467E-004
180 3.6875651191076609E-004
181 3.2976301886900576E-004
182 3.1908688607094399E-004
183 3.2850863076250877E-004
184 3.5242081923668309E-004
185 3.0331857530245586E-004
186 2.7566572188422506E-004
187 3.2955758597825476E-004
188 2.9309634802887006E-004
189 2.4002746589229571E-004
190 2.4007344414711174E-004
191 2.4696293374630091E-004
192 2.3893155291778638E-004
193 1.9628837193765415E-004
194 2.9401030699201003E-004
195 3.0808667559077143E-004
196 1.8834796811482426E-004
197 2.4112239936285767E-004
198 1.9993903937997346E-004
199 2.2526409109263227E-004
200 2.0785596432342161E-004
201 2.2065544544025168E-004
202 1.8608864403950261E-004
203 1.6794949182246860E-004
204 1.1599804253189059E-004
205 1.4937795395244565E-004
206 1.9986958224577572E-004
207 1.7461202865941985E-004
208 1.4253248360017774E-004
209 1.4595521877631170E-004
210 1.3671444859216888E-004
211 1.3320073641035025E-004
212 1.3085141483329133E-004
213 1.1487963018194693E-004
214 1.0906159517393804E-004
215 1.3087391420872567E-004
216 8.7522207156204401E-005
217 9.3158288152843984E-005
218 8.6085865038338134E-005
219 1.1163884901718227E-004
220 1.1873377150712247E-004
221 1.0687074872886672E-004
222 8.1704172148195508E-005
223 6.2173676564163867E-005
224 7.9513325703124189E-005
225 9.1948898797215671E-005
226 6.9086645042734730E-005
227 7.3672791319680974E-005
228 4.2461226968762916E-005
229 7.3490837308311664E-005
230 5.7678507292902264E-005
231 5.6355641556154967E-005
232 4.8415237733325094E-005
233 4.4788049170387514E-005
234 3.6825145972123333E-005
235 4.4879026176072176E-005
236 3.1007110964114440E-005
237 2.7561876412546166E-005
238 4.8415237733325094E-005
239 4.1615745635873216E-005
240 3.8261488089989600E-005
