0 0.0000000000000000
1 1.0237059991204099E-005
2 2.7338092893591401E-005
3 2.5050101923197000E-005
4 2.1606335592491258E-005
5 4.2104015325127738E-005
6 3.4131386554089752E-005
7 5.6893497506892358E-005
8 7.4106042852367405E-005
9 4.6632877765459977E-005
10 5.6869937756664076E-005
11 6.7242069941184210E-005
12 1.0350281552212403E-004
13 9.3265755530919954E-005
14 9.2109980170608600E-005
15 8.7581117730276375E-005
16 1.2508559136438702E-004
17 1.1149900404339031E-004
18 1.0461147138197884E-004
19 1.2515627061507187E-004
20 1.3532265135559110E-004
21 1.2157114578299644E-004
22 1.1708940284312075E-004
23 1.5126790889766708E-004
24 1.7403001985046967E-004
25 1.5466455572791626E-004
26 1.4433325673579903E-004
27 1.6605739107943170E-004
28 1.7174202888007529E-004
29 1.5690542719785409E-004
30 1.9443346058219303E-004
31 2.3219080516076113E-004
32 1.8995171764231734E-004
33 2.6054960122134783E-004
34 2.1372824545406159E-004
35 2.6972512485315370E-004
36 2.3082927835644894E-004
37 2.4116057734856615E-004
38 2.7305109243271801E-004
39 3.1981904239149406E-004
40 2.4111345784810957E-004
41 3.0836181409734742E-004
42 2.9347809291466968E-004
43 2.6264911418991599E-004
44 3.0357379440450411E-004
45 2.9218095905298867E-004
46 3.3558210823979746E-004
47 3.0824401534620602E-004
48 3.3787009921019181E-004
49 2.5941109930321108E-004
50 3.1972480339058086E-004
51 3.3327055751917475E-004
52 2.8781701486425441E-004
53 3.2765031266116228E-004
54 3.1723106097618565E-004
55 3.1836327658626875E-004
56 3.2282145977591612E-004
57 2.9095450444199247E-004
58 3.2873540877078879E-004
59 3.6984856698720321E-004
60 3.6173457971479549E-004
61 3.8327652236465565E-004
62 3.7077503115328541E-004
63 4.0864388817494118E-004
64 3.7978563653349334E-004
65 3.6623988240489950E-004
66 3.3890807581936176E-004
67 3.7181300776245531E-004
68 3.8430821266577185E-004
69 4.4152526036780659E-004
70 3.9554241607374303E-004
71 4.1985453183268406E-004
72 3.7627119095210272E-004
73 4.1372854508575684E-004
74 4.3203247284891204E-004
75 3.5579707096969451E-004
76 4.3273767987377413E-004
77 3.9817751698950800E-004
78 4.6096140374104485E-004
79 4.2431271502233142E-004
80 3.8209090094606230E-004
81 4.3450265551307895E-004
82 4.5613255085579857E-004
83 5.0070674884509332E-004
84 3.8118799653020840E-004
85 4.5613255085579857E-004
86 4.2594438621327581E-004
87 4.8591726666332872E-004
88 4.5964699643718913E-004
89 4.9246397568742327E-004
90 4.9153122521328738E-004
91 4.8854608127104000E-004
92 4.2307997410328163E-004
93 4.1731366991783225E-004
94 5.0072402228726787E-004
95 5.3040351195976379E-004
96 5.3243863198570095E-004
97 4.8122977227945215E-004
98 5.0443793300460570E-004
99 4.5307672766286628E-004
100 5.4810745883309114E-004
101 4.7925275888809272E-004
102 5.0872021080853420E-004
103 5.0636782689550853E-004
104 5.0079470153795277E-004
105 5.6923966633990494E-004
106 4.5520608668971632E-004
107 5.2487750610266464E-004
108 5.6007042901615265E-004
109 5.6005315557397788E-004
110 5.4581946786269673E-004
111 4.9703995762821209E-004
112 5.2670687468460084E-004
113 5.4732235316837870E-004
114 4.9407208712813925E-004
115 4.8704948227341172E-004
116 4.8475520499496362E-004
117 5.8174744385932871E-004
118 5.2204294005095246E-004
119 5.4095783583805665E-004
120 5.3729104462117542E-004
121 5.7753584530608523E-004
122 5.6134400312760546E-004
123 5.5135352777280515E-004
124 4.5905506960037021E-004
125 5.4131593291754823E-004
126 5.0142922931213001E-004
127 5.2653273704383722E-004
128 4.6345514615544006E-004
129 5.5010979971963428E-004
130 5.6603149751148203E-004
131 4.6105564274195795E-004
132 5.4649012800320955E-004
133 5.4406077853144544E-004
134 6.0652916914084908E-004
135 5.4943620649800949E-004
136 5.9686676254428936E-004
137 5.2752988046060427E-004
138 4.8260387169987170E-004
139 5.0085439365451666E-004
140 5.0900921411932713E-004
141 5.9856911298591844E-004
142 4.5537729124936802E-004
143 6.0058067326162719E-004
144 5.2760055971128917E-004
145 6.0170837030861185E-004
146 5.4057794675329228E-004
147 5.2208084016224356E-004
148 5.5601276158038604E-004
149 5.3721114598132501E-004
150 5.2203372066178695E-004
151 5.4593433353272627E-004
152 4.9522492940733869E-004
153 5.3660017795737597E-004
154 4.8890576383251783E-004
155 4.5475081752819984E-004
156 4.9696634529641532E-004
157 5.6890848223758344E-004
158 5.4825217056140262E-004
159 4.0489719831820966E-004
160 5.2576020399523217E-004
161 4.5710948774927909E-004
162 4.6652530970943510E-004
163 4.5480422333671008E-004
164 4.7071963482050403E-004
165 3.5475616127941275E-004
166 4.0023954999261497E-004
167 4.4474306873122497E-004
168 4.1638427267063819E-004
169 4.4782873798243910E-004
170 3.9496012877191959E-004
171 4.1883718189263060E-004
172 4.1145019365035785E-004
173 3.9670783096904986E-004
174 3.6610816343852527E-004
175 4.0452182779654347E-004
176 3.5949077516374587E-004
177 3.1863048789178890E-004
178 3.6891288343195551E-004
179 3.1344982423510480E-004
180 2.6323182163756934E-004
181 3.1967475080901244E-004
182 3.1596084009167472E-004
183 2.8894001108517191E-004
184 2.7456026404645367E-004
185 3.2384551616985324E-004
186 2.3596440799466284E-004
187 2.4629570698678004E-004
188 2.8452266108792745E-004
189 2.6133177380494846E-004
190 2.8871698619899644E-004
191 2.5707305575124826E-004
192 2.1879898214964436E-004
193 1.7118623440959198E-004
194 1.6523145222231632E-004
195 2.1716279239560182E-004
196 2.2701819555708612E-004
197 2.3519657577212498E-004
198 2.1682825506633859E-004
199 2.1818349556259711E-004
200 1.8249111706824796E-004
201 1.8273770170465172E-004
202 1.6321360563855398E-004
203 1.6350730977541430E-004
204 1.9786800752373323E-004
205 2.1796047067642165E-004
206 1.7152705804690887E-004
207 1.4527406126294394E-004
208 1.5300010539757818E-004
209 1.3805199127226922E-004
210 9.8435432053483107E-005
211 1.4502747662654018E-004
212 7.9932039154380686E-005
213 1.3501344152151156E-004
214 9.7168144250084007E-005
215 1.0654313301783711E-004
216 1.1327203373570429E-004
217 1.0769890837814846E-004
218 9.0868019862393209E-005
219 9.4018082056238615E-005
220 1.0314648618758794E-004
221 6.8539203802865252E-005
222 5.4993449674271431E-005
223 5.4993449674271431E-005
224 5.4858377480955391E-005
225 3.7757344578568096E-005
226 7.5649761350452227E-005
227 4.8017964320000477E-005
228 3.4202065804774602E-005
229 1.0260619741432382E-005
230 2.3941446063342222E-005
231 2.7496724837135716E-005
232 2.7496724837135716E-005
233 3.4337137998090636E-005
234 3.1052003610929203E-005
235 3.8027488965200151E-005
236 2.7496724837135716E-005
237 3.4337137998090636E-005
238 1.3815898515225871E-005
239 3.4202065804774606E-006
240 6.8404131609549213E-006
