0 0.0000000000000000
1 2.2041803540906009E-005
2 1.2738264999645433E-005
3 2.6669528147275027E-005
4 4.2890608933827859E-005
5 5.5580784604950746E-005
6 6.7270319442179642E-005
7 3.8214794998936294E-005
8 7.6525768654917687E-005
9 7.5397707846755206E-005
10 8.9264033654563109E-005
11 1.0682483528004266E-004
12 1.1593356180183814E-004
13 1.0896793022802334E-004
14 1.0424402696460923E-004
15 7.7526409488811663E-005
16 1.1817529011223884E-004
17 1.3794412402552076E-004
18 1.4479672893099132E-004
19 1.6466174150131833E-004
20 1.2744758733627601E-004
21 2.0047369219298712E-004
22 1.8307646126974932E-004
23 2.1093898756500848E-004
24 2.1337307318949935E-004
25 2.3655978554986697E-004
26 2.3286776443757028E-004
27 2.5265344636215138E-004
28 2.0495714881378852E-004
29 2.4809065909560401E-004
30 2.0507017548213277E-004
31 2.2263097710761230E-004
32 2.8043664201166460E-004
33 2.6049229879559165E-004
34 2.7098638077946148E-004
35 2.6644044152421330E-004
36 2.9240277421947942E-004
37 3.3635650662164807E-004
38 2.8625736476601779E-004
39 3.0244720423534718E-004
40 3.1983004185266083E-004
41 3.0231732955570382E-004
42 2.4688326764169558E-004
43 3.1729732286574994E-004
44 2.9111359741445017E-004
45 3.0804187365301191E-004
46 3.1023551263489006E-004
47 3.7568742382819746E-004
48 3.2436158780198472E-004
49 3.4772626417051828E-004
50 3.5436966375059956E-004
51 2.8222871835406323E-004
52 2.8698386293470073E-004
53 3.7281562483625389E-004
54 3.6264377484611761E-004
55 3.7407356032405977E-004
56 4.1573992979268001E-004
57 4.1061421505969147E-004
58 4.4157238780830283E-004
59 3.9023215847616580E-004
60 4.0506542909526932E-004
61 3.5051652664143602E-004
62 4.6458359086587936E-004
63 4.5874602010022704E-004
64 4.6650063247717161E-004
65 4.8439805940230901E-004
66 4.5602094379922602E-004
67 4.6780665729350004E-004
68 4.5260306535214036E-004
69 5.0776519047621746E-004
70 5.5766952031238259E-004
71 4.9446179213485084E-004
72 5.0442664267487760E-004
73 5.4330299850267525E-004
74 4.6219759456991112E-004
75 4.3628335120316750E-004
76 5.7140842614592196E-004
77 5.1342479723370381E-004
78 5.0250739518830549E-004
79 5.3361229062785938E-004
80 5.8056769670161495E-004
81 5.8079375003830340E-004
82 5.4935222929909178E-004
83 6.0851200834799511E-004
84 5.4928729195927010E-004
85 5.8842094244097951E-004
86 5.0130000373439711E-004
87 5.6508750738966938E-004
88 4.9315822202389737E-004
89 5.8208563037880252E-004
90 5.1347559009769618E-004
91 5.9890063111892511E-004
92 5.8816364778706764E-004
93 5.3266219382786288E-004
94 6.1970380188869931E-004
95 5.8140967624401713E-004
96 5.2929485941467455E-004
97 6.4451631635375399E-004
98 5.9516052067810584E-004
99 5.6769955702232612E-004
100 6.0040392266009351E-004
101 6.8039811379599425E-004
102 6.6555993376614094E-004
103 5.8948897532007003E-004
104 6.2257560088064298E-004
105 5.1112083511895131E-004
106 6.2136575472135965E-004
107 6.2334773367247348E-004
108 5.7249085233093688E-004
109 5.6567194344806458E-004
110 5.1923112668213276E-004
111 5.0833057264803357E-004
112 5.3543781416276134E-004
113 5.6421674123541873E-004
114 5.5518980006474415E-004
115 5.9124465210440053E-004
116 5.4873900662884799E-004
117 5.4096509153522940E-004
118 5.8172945353237573E-004
119 5.4743298181251967E-004
120 5.6066898810868966E-004
121 6.0431979123379883E-004
122 5.5117309225333883E-004
123 5.8615991141390479E-004
124 5.6971523199603831E-004
125 5.5244296634169416E-004
126 4.8952622884067243E-004
127 6.3839020961696644E-004
128 5.7556965077298981E-004
129 6.3487369780746068E-004
130 5.3601513493512680E-004
131 5.8975820857453136E-004
132 5.4331984651397427E-004
133 5.1998641146266413E-004
134 6.1581426522146752E-004
135 5.2024370611657611E-004
136 4.8931947822065806E-004
137 6.1820271622281086E-004
138 5.4851270446206455E-004
139 4.5384415282864700E-004
140 4.4368669614443501E-004
141 5.3093505482528598E-004
142 5.0155484368293404E-004
143 5.2153288292160530E-004
144 4.7004838560390073E-004
145 5.1950281464196893E-004
146 5.1756647031400260E-004
147 5.4241292963175052E-004
148 4.6979084211989388E-004
149 4.9033180882500631E-004
150 4.2728765134971623E-004
151 4.6840303195244459E-004
152 4.9067088883003910E-004
153 4.3843110673180301E-004
154 3.9850136016093412E-004
155 4.0424275226954128E-004
156 4.0045430367010454E-004
157 4.3721880586714484E-004
158 3.7321964218110836E-004
159 4.3096036974533887E-004
160 4.5708381843747177E-004
161 4.1862612209054781E-004
162 3.9805145936283706E-004
163 3.9637265851887759E-004
164 4.0122643646193514E-004
165 3.5935086166792547E-004
166 3.2918166972244396E-004
167 3.7444388164631587E-004
168 3.6091663584354066E-004
169 3.9111706910624564E-004
170 3.3861508294334789E-004
171 3.1928396239751868E-004
172 3.3534147248182988E-004
173 3.6309342681411963E-004
174 3.4664383798550347E-004
175 3.3113461323161438E-004
176 3.4253561209770801E-004
177 3.2495796246092933E-004
178 3.0760882086621399E-004
179 3.0196360741465182E-004
180 2.9522402917752554E-004
181 3.3023015105476547E-004
182 3.1455514972335475E-004
183 2.8324104895841159E-004
184 3.0555944986990349E-004
185 3.1676318201115714E-004
186 3.3016521371494379E-004
187 2.6486002521257889E-004
188 2.4636597479840195E-004
189 2.5094561007624845E-004
190 2.0674897632609222E-004
191 1.9042926217711936E-004
192 2.9885111295000058E-004
193 2.7185689810361709E-004
194 1.9507383479478753E-004
195 2.0249157304197930E-004
196 2.6629592470855067E-004
197 2.4633227877580370E-004
198 1.7200014910276416E-004
199 2.0790827845147805E-004
200 1.7790020250286326E-004
201 2.0456973065013831E-004
202 1.9879709722430761E-004
203 2.0819926912798821E-004
204 2.0357154452161922E-004
205 1.4194398382562682E-004
206 1.6264606652760611E-004
207 1.7556229553541747E-004
208 2.0399240987777279E-004
209 1.2083542907341817E-004
210 1.5948793743980719E-004
211 1.7359716459560272E-004
212 1.5119943303836485E-004
213 1.5839111794886814E-004
214 1.6416375137469875E-004
215 1.2336814806032903E-004
216 1.2457799421961236E-004
217 8.9490086991251590E-005
218 1.0126140717960135E-004
219 1.1900017281324680E-004
220 1.1780717466526263E-004
221 1.1887029813360342E-004
222 8.7265206692150061E-005
223 8.6072208544165889E-005
224 7.3528755563985541E-005
225 1.0132634451942304E-004
226 9.5700433784534939E-005
227 6.6563123990170744E-005
228 7.6946634011071242E-005
229 4.5406479909439572E-005
230 6.6433249310527347E-005
231 3.8505785675446467E-005
232 3.4958032548717376E-005
233 3.4958032548717376E-005
234 6.6433249310527347E-005
235 2.4574522527816875E-005
236 2.4574522527816875E-005
237 2.8057338314724274E-005
238 1.0513384700543891E-005
239 4.5536354589082962E-005
240 1.4061137827272984E-005
