0 0.0000000000000000
1 6.8630893027401399E-006
2 1.1436692295705937E-005
3 6.8630893027401399E-006
4 6.8604044894486971E-006
5 1.1434007482414496E-005
6 1.9443182346687527E-005
7 2.5160186087894778E-005
8 3.0885244268976350E-005
9 3.2023275390634919E-005
10 3.2017905764052034E-005
11 2.7446987584377674E-005
12 4.6895539557648090E-005
13 4.5752138809406635E-005
14 4.5752138809406635E-005
15 5.7186146291821136E-005
16 4.9182341054130986E-005
17 3.8886364693375054E-005
18 5.1463772924031004E-005
19 7.5483243076975766E-005
20 7.0915009710592852E-005
21 8.8060651307631709E-005
22 5.2609858485563898E-005
23 5.3753259233805346E-005
24 7.3201811207075748E-005
25 7.2058410458834300E-005
26 8.5781904251023151E-005
27 6.9758184895894187E-005
28 1.1209086071374224E-004
29 1.0522508659771066E-004
30 8.3495102754540255E-005
31 1.0407900103617777E-004
32 1.0178682991311201E-004
33 1.0980405921725935E-004
34 9.6069826171904738E-005
35 1.0293023066135345E-004
36 1.1208817590045082E-004
37 9.4910316543914640E-005
38 8.8057966494340276E-005
39 1.1094209033891793E-004
40 9.7213226920146186E-005
41 1.1437766221022514E-004
42 1.2352218338286530E-004
43 1.1437229258364227E-004
44 1.4068393385965281E-004
45 1.4182464979460284E-004
46 1.4994260319006167E-004
47 1.4410339685121140E-004
48 1.4182464979460284E-004
49 1.3838639311000416E-004
50 1.0978258071092780E-004
51 1.3268012862196267E-004
52 1.4066782497990416E-004
53 1.6357074251752190E-004
54 1.3724567717505413E-004
55 1.3379936605058113E-004
56 1.4525485203932716E-004
57 1.9560475716132256E-004
58 1.7613472668172065E-004
59 1.3381547493032978E-004
60 1.7271257887687064E-004
61 1.8758752785717525E-004
62 1.6240854807624035E-004
63 1.5555888283995742E-004
64 2.0589267908220421E-004
65 1.7042577738038772E-004
66 2.1617523137650293E-004
67 1.8187052411596798E-004
68 1.9902153533958973E-004
69 1.8872287416554236E-004
70 1.8757410379071802E-004
71 2.2533586142889172E-004
72 1.6698483588249762E-004
73 1.6241123288953180E-004
74 2.0932288132692855E-004
75 2.2532780698901738E-004
76 1.9330721641167394E-004
77 2.0840240726764162E-004
78 2.2991483404844040E-004
79 2.2305442955899171E-004
80 2.5506965050975226E-004
81 2.4708463896510225E-004
82 2.4022960410223645E-004
83 2.1389648431989434E-004
84 2.3448575222811475E-004
85 2.3105823479668185E-004
86 2.4134884153085488E-004
87 2.2192176806391605E-004
88 2.0360856239901276E-004
89 2.4708195415181080E-004
90 2.5519185310739537E-004
91 2.3448575222811475E-004
92 2.7339091061452994E-004
93 2.4480052228191080E-004
94 2.3676986891130622E-004
95 2.2076494324921737E-004
96 2.0701997095069698E-004
97 2.3221237479808908E-004
98 2.5404845235915392E-004
99 2.4707121489864507E-004
100 2.8609589106941177E-004
101 2.8938778183674443E-004
102 3.0439567266785789E-004
103 2.3334235147987330E-004
104 2.6421954130897534E-004
105 2.6663659984297564E-004
106 2.7465651396041440E-004
107 2.4479246784203646E-004
108 2.4020544078261343E-004
109 3.0198935338702338E-004
110 2.7568576655088712E-004
111 3.0543297969820495E-004
112 2.6197301201186403E-004
113 2.8025399991727002E-004
114 2.9286094109413186E-004
115 2.8598442772493450E-004
116 3.0544640376466213E-004
117 2.6424370462859831E-004
118 2.5291847567736965E-004
119 2.8713319809975884E-004
120 2.9856452076888193E-004
121 2.6425175906847264E-004
122 3.3186145394527560E-004
123 2.5280701233289238E-004
124 2.8942805403611607E-004
125 2.7568576655088712E-004
126 2.4591975971052923E-004
127 2.9855915114229898E-004
128 3.1013952454197959E-004
129 3.0657906525973779E-004
130 3.2614981983065125E-004
131 2.8381445919951177E-004
132 3.0898001491398946E-004
133 3.0200277745348061E-004
134 2.4958899752395674E-004
135 3.2500910389570125E-004
136 2.9296703481202624E-004
137 3.1140781270115543E-004
138 2.6654929981812132E-004
139 3.2490301017780692E-004
140 2.8826854440812595E-004
141 2.8611736957574334E-004
142 2.7833649102700764E-004
143 3.2844467576700849E-004
144 3.0670932229725519E-004
145 2.4824951821967526E-004
146 2.9629919777873054E-004
147 2.6198106645173842E-004
148 3.0202157114652068E-004
149 3.2877638098714881E-004
150 3.1117951638561805E-004
151 3.0911564157808964E-004
152 2.8164717548738043E-004
153 2.5522407086689262E-004
154 2.9298045887848347E-004
155 2.7582139321498741E-004
156 2.5179923824875116E-004
157 3.3658410766879880E-004
158 2.7354533097167025E-004
159 2.7915355618169166E-004
160 2.8716004623267324E-004
161 2.6999024131601145E-004
162 2.3818452298774814E-004
163 2.8051988361888766E-004
164 2.6886563426081007E-004
165 2.0134860903544427E-004
166 2.6772491832586007E-004
167 2.8956905032679920E-004
168 3.1257269195572839E-004
169 2.9083465367268365E-004
170 2.4037328520621099E-004
171 2.9322486407376948E-004
172 2.8739908180137641E-004
173 1.8772583933456691E-004
174 2.2539492732130348E-004
175 2.5169582934414823E-004
176 2.3830135595880828E-004
177 2.2468395588451381E-004
178 2.1280946465077321E-004
179 2.3236142552864652E-004
180 2.6610958170953216E-004
181 2.3487115371408394E-004
182 2.2229643029671943E-004
183 2.2550102103919780E-004
184 2.4414593192424142E-004
185 1.9919206457647869E-004
186 2.1656868730234640E-004
187 2.4197059377223580E-004
188 2.1188630577819481E-004
189 2.5411020306485702E-004
190 1.9816549679929740E-004
191 1.6475173065184353E-004
192 2.0501784684887178E-004
193 1.7435821408214136E-004
194 1.7047678883292511E-004
195 2.0034351976459447E-004
196 1.6943948180257805E-004
197 1.9587601048952306E-004
198 2.2219839101869941E-004
199 1.3855692234689314E-004
200 1.4221005128057200E-004
201 1.6830682030750236E-004
202 1.5708768507416806E-004
203 1.7974619741649973E-004
204 1.1681619925055696E-004
205 1.2848924230167460E-004
206 1.8214983188404279E-004
207 1.2940703154767011E-004
208 1.3878521866243052E-004
209 1.2471928039693562E-004
210 1.0640875954532376E-004
211 1.7196531886776411E-004
212 1.2483074374141284E-004
213 1.4302980124854744E-004
214 1.4084640865666745E-004
215 1.5823914026228384E-004
216 1.2368465817987997E-004
217 1.3627280566370166E-004
218 8.3638783858514814E-005
219 1.0892117254405260E-004
220 1.3066726526697169E-004
221 7.7807631959538867E-005
222 6.7623118943260175E-005
223 9.2796729097612170E-005
224 9.5303772469758141E-005
225 7.3231344153281615E-005
226 8.7074355729822037E-005
227 6.4078768540767138E-005
228 4.2444139162325308E-005
229 4.6914333250688179E-005
230 5.2634021805186872E-005
231 4.9201134747171082E-005
232 6.8766519691501637E-005
233 2.4027524592819094E-005
234 4.4850458443159797E-005
235 3.3182785018625017E-005
236 3.9013936917600964E-005
237 4.4850458443159797E-005
238 1.0298661174047373E-005
239 3.0895983522142121E-005
240 1.0298661174047373E-005
