0 5.6883187259452459E-006
1 7.9780512637447603E-006
2 1.4775223640036221E-005
3 3.5286782830755745E-005
4 2.1644421253434765E-005
5 5.2399755833329536E-005
6 4.3312850919238555E-005
7 6.0510907042851230E-005
8 4.4397696157215752E-005
9 8.0865357875424803E-005
10 6.4885246935566246E-005
11 8.3059056763748194E-005
12 6.5994100585912462E-005
13 1.4235201862284529E-004
14 8.8843409139169555E-005
15 9.9015159291237711E-005
16 1.4350888909792957E-004
17 1.3437396735910053E-004
18 1.3095137275858577E-004
19 1.6855189653951005E-004
20 1.7069757860309543E-004
21 1.5828411273796579E-004
22 1.5481350131271298E-004
23 1.8662967271821591E-004
24 1.7998960870007038E-004
25 1.7187845749054871E-004
26 1.6609410511512736E-004
27 1.7185444907817968E-004
28 2.3128051088305371E-004
29 1.9923520588229775E-004
30 2.2654393744930875E-004
31 2.0832211079638876E-004
32 1.9694547334449825E-004
33 2.7438823661940829E-004
34 2.1615611158591933E-004
35 2.1736099888574166E-004
36 2.4242801473969117E-004
37 2.6756705583074776E-004
38 2.4814034187800544E-004
39 2.8360824147927622E-004
40 2.8921147708418254E-004
41 2.8700682766742193E-004
42 2.5609438472938117E-004
43 2.4240400632732215E-004
44 2.6762813053941772E-004
45 2.9045343068030574E-004
46 3.3004252816666937E-004
47 2.9820234834879741E-004
48 3.3480311001278339E-004
49 2.6397640234364985E-004
50 2.7566725651183228E-004
51 3.6344982882539363E-004
52 3.3809260466752120E-004
53 3.0178205130745818E-004
54 3.4078163704265156E-004
55 3.0372260818815948E-004
56 3.0615639120017309E-004
57 3.3928654143890635E-004
58 3.6102910369731177E-004
59 3.8380427965796721E-004
60 3.7783881051203089E-004
61 3.6430554046811784E-004
62 4.1912812878502377E-004
63 4.3777326368764358E-004
64 3.8135743876202170E-004
65 4.5672865256594805E-004
66 3.7552506956186227E-004
67 4.3166163671199851E-004
68 3.7442927379544792E-004
69 4.1235496482110130E-004
70 4.2830011682015360E-004
71 4.0311095154886442E-004
72 4.6906798583847594E-004
73 4.2204443937029438E-004
74 4.5342820738277303E-004
75 4.5204009595694114E-004
76 4.1994677413144708E-004
77 4.9560608888380179E-004
78 3.9305040028569872E-004
79 4.3968770480048140E-004
80 5.2519360246017503E-004
81 4.4280914056863600E-004
82 5.2171204050648491E-004
83 5.2684791377756088E-004
84 4.0545080826689652E-004
85 4.9892169930640319E-004
86 5.2752040129427533E-004
87 4.7393976657349255E-004
88 4.8836370720093595E-004
89 4.5765849680127389E-004
90 5.2506050251439819E-004
91 4.7098849704741569E-004
92 4.7603532445684521E-004
93 5.1511999331307760E-004
94 5.4242872488008854E-004
95 5.4663079117523122E-004
96 4.6347780811750147E-004
97 5.0978295759972507E-004
98 5.6554423332489951E-004
99 4.9565621306403432E-004
100 4.7819195704886788E-004
101 5.0498530945731026E-004
102 5.8700753780781929E-004
103 6.2612716560485782E-004
104 5.9497253118763222E-004
105 5.0107833189842581E-004
106 5.5503425804417038E-004
107 5.5294965068925482E-004
108 5.8549938432014229E-004
109 5.0659859173778782E-004
110 5.5754217364878574E-004
111 6.3526208734368691E-004
112 5.8612781775272619E-004
113 6.1865750571185184E-004
114 5.4339142070072605E-004
115 5.6237478073200686E-004
116 5.5331188423028493E-004
117 5.7132858570032089E-004
118 5.1297431124949224E-004
119 4.9858347417774224E-004
120 5.6825727411239887E-004
121 5.6508385877889877E-004
122 5.8116211072372801E-004
123 5.9493942763193871E-004
124 5.3377607874413461E-004
125 4.9900467507194750E-004
126 5.5067086867989252E-004
127 5.8812734198660269E-004
128 5.6333747655264426E-004
129 5.0370628956488621E-004
130 5.8034135802181018E-004
131 5.4750141608699986E-004
132 5.2203720775121417E-004
133 6.3432129257992380E-004
134 5.4715620317050909E-004
135 5.5740696634751414E-004
136 5.0880509653966123E-004
137 6.1865539835635709E-004
138 5.5793936613062194E-004
139 6.0937431878781948E-004
140 6.5065057917688051E-004
141 5.2673671488865834E-004
142 5.4395667206914541E-004
143 5.7019361628211104E-004
144 5.5650323788005200E-004
145 5.4883940333259917E-004
146 5.7853390108688577E-004
147 5.2392949583679569E-004
148 4.9977715897874550E-004
149 5.9678369889278222E-004
150 5.6818103416430264E-004
151 4.4958205256217653E-004
152 5.0866988923838963E-004
153 5.2613414525355619E-004
154 5.3676416259613047E-004
155 6.0192655995168791E-004
156 5.5932326284546471E-004
157 4.6633279202372045E-004
158 4.5529437970049091E-004
159 4.7163672418137941E-004
160 4.8832638893425337E-004
161 4.9915058093127440E-004
162 4.5501512192500516E-004
163 4.2192600072318024E-004
164 4.8255298708726921E-004
165 4.6700924228104234E-004
166 3.9059024953543958E-004
167 4.5352398906186724E-004
168 4.2485326183688805E-004
169 3.9990628804478367E-004
170 3.8681637192233213E-004
171 3.5865403606809157E-004
172 3.6978848204079722E-004
173 3.4927692285007770E-004
174 3.4263685883193217E-004
175 3.9508463148999975E-004
176 3.1138619076523047E-004
177 3.8837254223474718E-004
178 3.0416967287984654E-004
179 3.5348505924132225E-004
180 3.0990600843052980E-004
181 3.0625428023476204E-004
182 3.3791123592662441E-004
183 2.5156479186363295E-004
184 2.6843557338702192E-004
185 3.0274660251320833E-004
186 3.1111089573035216E-004
187 2.8893407469380959E-004
188 2.7917468226300410E-004
189 2.6648406597788336E-004
190 2.1901109549213825E-004
191 2.7264370977826647E-004
192 2.2239662379635217E-004
193 2.2830312558911329E-004
194 1.9425829635448069E-004
195 1.8846088609512752E-004
196 1.9412519640870374E-004
197 1.7985836413940623E-004
198 2.4259792901138713E-004
199 2.1503605543675408E-004
200 1.9543917524193397E-004
201 1.7832620223936019E-004
202 1.8328095873992100E-004
203 1.7290408340496881E-004
204 1.8543759133194361E-004
205 1.3267560195758405E-004
206 1.6010437558644017E-004
207 1.6503512367463196E-004
208 1.2601152952706953E-004
209 1.6137033759493235E-004
210 1.2956722407336124E-004
211 9.3676016222390648E-005
212 9.1386283684591140E-005
213 1.1421158382547919E-004
214 1.4896992961373453E-004
215 1.1716681609216341E-004
216 9.2809354051229292E-005
217 9.2942453997006227E-005
218 9.5341278068213645E-005
219 8.2807770141238890E-005
220 9.7897210497567051E-005
221 5.2871080907767434E-005
222 6.8718091901849034E-005
223 6.5295497301334285E-005
224 9.7631010606013180E-005
225 5.8716507991858646E-005
226 2.3958162203603305E-005
227 3.0936451350409762E-005
228 5.8450308100304768E-005
229 4.8581824136091308E-005
230 3.8180940388770100E-005
231 1.3956578293612912E-005
232 5.5293913391343884E-005
233 2.0801767494642428E-005
234 3.1202651241963640E-005
235 2.0535567603088550E-005
236 3.4225946005147580E-006
237 0.0000000000000000
238 3.4225946005147580E-006
239 0.0000000000000000
240 0.0000000000000000
