0 0.0000000000000000
1 1.7154290551242617E-005
2 1.1418106020362121E-005
3 2.0617706486330462E-005
4 3.0899428208796258E-005
5 4.1208281451961484E-005
6 4.4617434345650460E-005
7 3.7717733996174209E-005
8 5.2572124430924736E-005
9 7.6626115331643617E-005
10 9.7270953338673489E-005
11 8.9264808799640818E-005
12 1.3044315014326240E-004
13 1.3498868733484773E-004
14 9.8271680033072667E-005
15 8.2226642259026935E-005
16 1.2703680583721387E-004
17 1.3720719288924150E-004
18 1.6253603427899432E-004
19 1.4518901449521519E-004
20 1.2451704496748589E-004
21 1.5092519902609570E-004
22 1.6353395238575299E-004
23 1.9435198603245094E-004
24 2.1607894529597835E-004
25 2.1039702380649673E-004
26 1.8764501491551122E-004
27 2.0449805015141959E-004
28 2.1391751137062384E-004
29 1.9892465474473570E-004
30 2.1496969251878144E-004
31 2.0011530208403086E-004
32 1.8991778351130386E-004
33 2.0685502189695098E-004
34 2.2974549697907411E-004
35 2.6407840101461832E-004
36 2.9412118589543397E-004
37 2.3539747836021587E-004
38 2.8807812887393836E-004
39 3.2260657072965952E-004
40 2.7885139688727054E-004
41 2.5604231636724577E-004
42 2.8696887609674145E-004
43 2.9733760955658647E-004
44 3.2612986688142708E-004
45 3.5916359749487835E-004
46 2.5723577229418138E-004
47 2.9376566753870089E-004
48 2.8217915521886123E-004
49 3.5999872647744048E-004
50 3.1454616314922793E-004
51 3.5464800041163302E-004
52 3.7177235085453567E-004
53 3.1413357316345552E-004
54 3.6481838746366059E-004
55 3.3400316240460309E-004
56 4.0783258448424346E-004
57 4.1938634810810267E-004
58 3.7260467124945734E-004
59 3.8979451908432078E-004
60 3.9782498655641243E-004
61 4.1387283291809861E-004
62 4.3446340788372962E-004
63 4.0023902993098314E-004
64 3.4076439656294174E-004
65 4.4494066742637242E-004
66 3.9117508706851202E-004
67 4.6192655167813745E-004
68 4.3587672456390115E-004
69 4.0595089152880464E-004
70 5.1585772974783496E-004
71 4.5536647251525670E-004
72 4.9859491311379464E-004
73 4.7925486570413845E-004
74 4.6520285555596977E-004
75 4.7922211700815822E-004
76 5.0577154584554608E-004
77 4.7030225751210547E-004
78 4.6672469831893898E-004
79 4.3817662468039332E-004
80 5.4144198917444443E-004
81 5.1461001077950043E-004
82 4.6816514651981005E-004
83 5.0078066997220796E-004
84 4.8845446617010689E-004
85 5.3767450933638202E-004
86 5.1561354606154000E-004
87 5.6416405795709011E-004
88 5.3303915181977693E-004
89 5.0718767111335812E-004
90 5.4011287564401165E-004
91 4.7584571281044952E-004
92 5.0552455357161079E-004
93 5.8799537951693254E-004
94 5.9783585648483055E-004
95 5.2650339558995510E-004
96 5.0009243294370492E-004
97 5.4834449811156109E-004
98 6.3053558308696737E-004
99 5.7954518163569151E-004
100 6.0769937104624306E-004
101 5.2365243929655301E-004
102 6.0817184124869518E-004
103 5.1594474148521422E-004
104 5.8195641642262187E-004
105 5.4673283502357217E-004
106 5.0075915562678948E-004
107 5.7547082930701403E-004
108 6.3577906840952159E-004
109 5.9919771871124372E-004
110 5.6566157778700028E-004
111 5.4011568423165200E-004
112 5.6885086992745340E-004
113 5.2301003954652748E-004
114 6.6531944297954523E-004
115 6.0783783723738073E-004
116 6.0049841538143257E-004
117 4.8764927729588465E-004
118 6.4749562115757752E-004
119 5.8913176381482889E-004
120 5.4831174941558092E-004
121 5.8951722227990186E-004
122 5.8506150541333618E-004
123 7.2880573987194411E-004
124 5.8760278062848265E-004
125 5.7447571978789581E-004
126 6.3425160847127126E-004
127 6.4136836098634316E-004
128 5.0538175554473675E-004
129 6.4585963513652945E-004
130 6.1712164085308771E-004
131 5.8314425517427663E-004
132 6.5034529211143517E-004
133 6.3541512428986710E-004
134 5.7119660732242309E-004
135 6.6026716364143143E-004
136 6.0043420332901644E-004
137 6.2166156086939219E-004
138 5.1599467269087661E-004
139 5.6019109128783323E-004
140 5.7391190601232796E-004
141 5.5999836205529690E-004
142 5.9397984166129297E-004
143 5.8649352785128579E-004
144 6.2329473830279958E-004
145 4.8503969610113695E-004
146 5.2779695183676725E-004
147 5.3286922227220351E-004
148 5.4409179047238874E-004
149 4.6043031718777172E-004
150 5.8427783088453242E-004
151 5.0579434553050910E-004
152 5.5107288538396330E-004
153 5.7285410768888952E-004
154 5.3985031718377808E-004
155 4.5809766837529925E-004
156 5.4511812543939144E-004
157 4.8118087268995887E-004
158 4.7056795554381895E-004
159 4.5394039823642740E-004
160 4.5934257875599333E-004
161 4.9722310187636409E-004
162 4.5410318736062406E-004
163 3.8845545654287063E-004
164 5.4256280728604261E-004
165 4.6618520747643028E-004
166 3.7367965208257801E-004
167 3.2166572425194011E-004
168 4.0336130143137956E-004
169 3.9648592401496233E-004
170 3.6772360679846155E-004
171 3.6315093808617679E-004
172 3.6315222342572144E-004
173 3.3474413922640915E-004
174 3.7384524979441506E-004
175 3.8141295816652044E-004
176 3.0880283819497063E-004
177 3.6863579850738567E-004
178 3.2526479779052518E-004
179 2.8785112769732558E-004
180 2.8782399617662609E-004
181 3.7622654447300543E-004
182 3.2742751705542417E-004
183 2.9187121698460435E-004
184 3.0653006959917799E-004
185 2.3137024864956023E-004
186 3.0519814748110465E-004
187 3.0547507986337995E-004
188 2.9090043039854512E-004
189 2.3891082550096620E-004
190 2.9752319836574614E-004
191 2.2261598686534466E-004
192 2.1854291987621156E-004
193 2.2630207214130888E-004
194 2.0814986348330759E-004
195 1.9656615975110841E-004
196 2.0094329064321618E-004
197 1.8470271504899348E-004
198 2.1142055018585893E-004
199 2.0058215511120219E-004
200 1.6738282678591387E-004
201 2.2760405415104225E-004
202 1.5361055760766077E-004
203 1.8697548364478614E-004
204 1.8631156954934203E-004
205 1.2171321129210579E-004
206 1.6569386306301159E-004
207 1.5937387365924069E-004
208 1.5402595618107363E-004
209 8.9538932594275617E-005
210 9.2863882338225834E-005
211 1.4978729148010348E-004
212 1.1497910865446661E-004
213 1.1040643994218189E-004
214 1.3593081915211163E-004
215 9.8711401539544518E-005
216 9.8822736209982690E-005
217 8.9677398785413222E-005
218 1.3446043084290073E-004
219 6.9282361639959154E-005
220 5.5091885300652745E-005
221 8.6463783711901204E-005
222 9.0011402796727792E-005
223 6.2075788799867754E-005
224 3.5721897782656803E-005
225 8.3138833967950974E-005
226 5.5314554641529129E-005
227 7.9813884224000771E-005
228 4.5117036068802088E-005
229 4.5117036068802088E-005
230 4.1680751654413679E-005
231 3.8021797899148886E-005
232 7.3052650065662125E-005
233 2.0729041156768651E-005
234 3.1037894399933877E-005
235 6.8725688287768199E-006
236 2.4387994912033437E-005
237 1.0420187913603420E-005
238 6.9839034992150094E-006
239 0.0000000000000000
240 0.0000000000000000
