0 0.0000000000000000
1 3.5533572118937973E-006
2 1.1844524039645991E-006
3 9.4756192317167927E-006
4 1.3013588720267923E-005
5 1.6566945932161719E-005
6 9.4602315083741260E-006
7 5.9222620198229954E-006
8 2.6011789717193182E-005
9 2.3658272632606645E-005
10 2.2473820228642049E-005
11 2.3658272632606645E-005
12 3.0749599333051578E-005
13 2.7227017567843111E-005
14 1.7736010612783653E-005
15 1.7736010612783653E-005
16 2.9549759205744310E-005
17 4.4947640457284099E-005
18 2.9580534652429644E-005
19 4.3763188053319499E-005
20 4.1409670968732970E-005
21 3.7840926033496504E-005
22 3.3103116417638108E-005
23 5.4392484242315548E-005
24 5.5576936646280147E-005
25 4.9700837796485163E-005
26 5.7945841454209358E-005
27 5.5561548922937492E-005
28 5.5546161199594824E-005
29 6.3821940304004349E-005
30 6.2668263346725086E-005
31 5.9099518411488621E-005
32 7.5651076620307671E-005
33 7.2097719408413874E-005
34 6.8575137643205414E-005
35 7.4497399663028409E-005
36 5.6776776773587421E-005
37 5.4377096518972893E-005
38 8.3942243448059865E-005
39 8.6295760532646395E-005
40 5.3208031838350962E-005
41 8.7464825213268339E-005
42 6.3898878920717677E-005
43 9.9324736976256985E-005
44 7.4435848769657749E-005
45 9.2233410275812058E-005
46 1.1227677480315425E-004
47 1.1233832569652492E-004
48 1.0638528823001659E-004
49 8.3926855724717196E-005
50 6.8621300813233419E-005
51 9.2248797999154727E-005
52 9.9293961529571648E-005
53 9.6940444444985118E-005
54 1.0164747861415818E-004
55 9.5771379764363187E-005
56 1.1349200265380418E-004
57 1.3591965971241821E-004
58 1.1459951644105544E-004
59 1.2056794163090644E-004
60 1.3004356086262323E-004
61 1.2170623086484302E-004
62 1.0286270646480811E-004
63 1.2410591111945756E-004
64 1.1343045176043351E-004
65 1.3948840464765469E-004
66 1.3827317679700475E-004
67 1.4175394514503271E-004
68 1.2177213151106121E-004
69 1.2884372073531595E-004
70 1.6543864347147718E-004
71 1.3359691807451700E-004
72 1.1824519999300523E-004
73 1.3481214592516697E-004
74 1.3947301692431203E-004
75 1.2652097909741474E-004
76 1.5005614994328010E-004
77 1.3595043515910355E-004
78 1.1939887695028450E-004
79 1.3948840464765469E-004
80 1.4656434362475695E-004
81 1.3707333666969750E-004
82 1.2770543150137937E-004
83 1.8665107267944132E-004
84 1.3951918009434003E-004
85 1.4533372805076436E-004
86 1.5954715689833954E-004
87 1.6420802789748461E-004
88 1.5236350385783862E-004
89 1.3829291427319492E-004
90 1.5247121792123729E-004
91 1.6890837384900997E-004
92 1.6314667728026133E-004
93 1.4770263285869355E-004
94 1.4890247298600081E-004
95 1.7013463967015507E-004
96 2.1262104897945401E-004
97 1.8075958610630366E-004
98 1.8082113699967431E-004
99 1.6310051411023334E-004
100 1.8778267369573025E-004
101 1.3590862174192304E-004
102 1.6548480664150519E-004
103 1.7954870800850124E-004
104 2.0197636506711527E-004
105 1.9964927367636655E-004
106 1.7959487117852921E-004
107 1.4771802058203621E-004
108 1.9020877964418263E-004
109 2.0313004202439453E-004
110 1.9963154748822373E-004
111 1.7370338460539158E-004
112 2.1617005643850029E-004
113 2.0087988925035917E-004
114 2.0911385493758820E-004
115 1.6887759840232466E-004
116 1.8666646040278398E-004
117 1.8660925926226082E-004
118 2.1501637948122103E-004
119 1.9968874862874689E-004
120 1.9968439887589943E-004
121 1.6422341562082727E-004
122 1.5597841196310309E-004
123 1.5836270449437495E-004
124 2.3024934552883899E-004
125 1.5832959058288942E-004
126 1.4418005109348509E-004
127 1.7952228231466337E-004
128 1.8660925926226082E-004
129 2.2911540604774987E-004
130 2.0202687798999075E-004
131 1.7008847650012710E-004
132 2.0558458495473203E-004
133 2.1149379771601257E-004
134 2.5860127589532331E-004
135 2.1372622430190511E-004
136 2.4084552780634955E-004
137 2.0192351367943960E-004
138 1.9016696622700213E-004
139 1.7953332028515853E-004
140 1.9018904216799246E-004
141 1.6657459424061365E-004
142 2.3630574730589847E-004
143 2.1254411036274065E-004
144 2.2793530339663281E-004
145 1.9132064318428137E-004
146 2.0905665379706504E-004
147 1.9955895862435792E-004
148 2.2905820490722674E-004
149 1.8191761281643044E-004
150 2.1370414836091478E-004
151 1.8896712609969482E-004
152 1.9137349457195706E-004
153 1.9484757470233737E-004
154 1.9125240407326307E-004
155 2.0542401950365775E-004
156 1.7359567054199288E-004
157 2.7035347359491332E-004
158 2.2428728137988284E-004
159 1.9246562063586565E-004
160 1.9248535811205582E-004
161 2.1132654404729058E-004
162 1.8299201269219621E-004
163 1.7236940472084778E-004
164 2.3142710971515594E-004
165 1.8302947635652917E-004
166 1.9357949546401176E-004
167 2.1835631985436484E-004
168 1.6646688017721495E-004
169 1.8415672761997061E-004
170 2.2075833857377954E-004
171 1.7831575396970849E-004
172 2.3612310591383383E-004
173 1.9119520293273988E-004
174 2.2429396959753049E-004
175 1.6416822576835143E-004
176 1.8060772016092433E-004
177 2.4425136882571153E-004
178 2.4669085120945924E-004
179 1.7829166674067078E-004
180 1.7589198648605627E-004
181 1.9712415317021053E-004
182 1.6407154967544793E-004
183 1.7817291470677694E-004
184 1.9117546545654974E-004
185 1.4872217005873630E-004
186 1.9716596658739103E-004
187 1.4167031831067173E-004
188 1.6995868649573808E-004
189 1.5812286196178709E-004
190 1.9239069330719967E-004
191 1.3930810172039018E-004
192 1.6882039726180150E-004
193 1.7467007041775868E-004
194 1.5220728815961180E-004
195 1.5811182399129195E-004
196 1.6166083145033823E-004
197 1.2751409060361970E-004
198 1.5813389993228228E-004
199 1.2985221996486356E-004
200 1.3339018945341468E-004
201 1.3690842146577565E-004
202 1.5813389993228228E-004
203 1.4285042096178879E-004
204 1.2511006059615768E-004
205 1.3691277121862314E-004
206 1.6168290739132859E-004
207 1.3098382098115252E-004
208 1.0388659341769839E-004
209 1.0265597784370579E-004
210 1.2858414072653798E-004
211 8.3808103690823365E-005
212 1.2738430059923070E-004
213 1.0851000075251044E-004
214 1.0854746441684346E-004
215 1.5097433412081902E-004
216 9.0853267221240286E-005
217 7.5532324586413839E-005
218 1.0616317188557159E-004
219 7.4310408518116238E-005
220 8.6146233052067226E-005
221 7.3152381807989474E-005
222 6.7249857264356649E-005
223 9.7891742534009555E-005
224 5.8985116130442290E-005
225 9.2000255960871896E-005
226 9.7902780504504735E-005
227 6.3729613963948352E-005
228 5.4273732208421729E-005
229 5.5462534365233830E-005
230 8.2570799899183109E-005
231 3.5384044638358804E-005
232 7.3114918143656472E-005
233 6.3681112329120183E-005
234 4.0117504501369699E-005
235 2.0058752250684849E-005
236 4.4855314117228095E-005
237 3.4188554263899038E-005
238 3.8910976156414773E-005
239 2.9503596035716309E-005
240 3.4188554263899038E-005
