0 3.4950859092116484E-006
1 1.2782460653352591E-005
2 2.9010725695281653E-005
3 3.7393937514258953E-005
4 3.3703694587987305E-005
5 3.2555093125128481E-005
6 7.8428836434154376E-005
7 8.3830811234963660E-005
8 6.6209506192480607E-005
9 1.0049867183164790E-004
10 8.3734217259174025E-005
11 1.2936549109598546E-004
12 1.3061068653463391E-004
13 1.3276201396392675E-004
14 8.9672381590528128E-005
15 1.2137259331112815E-004
16 1.3625709987313838E-004
17 1.4947718701576544E-004
18 1.8682381207486994E-004
19 2.1478253028308237E-004
20 1.4583622561012896E-004
21 1.3615853683186801E-004
22 1.9620778079480051E-004
23 2.5271265732788618E-004
24 1.9347098231432770E-004
25 1.8494189499892557E-004
26 2.4873066340876484E-004
27 2.8267485840348589E-004
28 2.3106007684564665E-004
29 2.2047625607674129E-004
30 2.2932403526612711E-004
31 3.2031520352092076E-004
32 2.8812808379041115E-004
33 2.6552008979689203E-004
34 3.0235089689947218E-004
35 3.0890344222862098E-004
36 3.5951549782002623E-004
37 2.8558644232699827E-004
38 3.1781890544718168E-004
39 4.0854132545929830E-004
40 3.7928813029180217E-004
41 3.1063357661169838E-004
42 3.8796309310362909E-004
43 3.9805803679714407E-004
44 4.2293038563880460E-004
45 3.3011445809062468E-004
46 3.8603189450704960E-004
47 4.4776592946338569E-004
48 3.4020940178413960E-004
49 3.9321525427705214E-004
50 4.3004606137963223E-004
51 4.4182185793558944E-004
52 4.5978813362251874E-004
53 4.5397350414808828E-004
54 4.7968430095121823E-004
55 5.3990833035719025E-004
56 4.3400768372473311E-004
57 4.9131619107623133E-004
58 3.9641858919341416E-004
59 5.0588397482973868E-004
60 4.6465194982730243E-004
61 4.3481328360862642E-004
62 4.7824394849550988E-004
63 4.5253118262689911E-004
64 4.3539481652884489E-004
65 4.6958541912674190E-004
66 6.1163480783480958E-004
67 4.0015811364032096E-004
68 5.7692641821490754E-004
69 4.8850317019398927E-004
70 5.2005553735268379E-004
71 5.0668563658267047E-004
72 5.7971052915053480E-004
73 4.8508430668654681E-004
74 5.4881985544478953E-004
75 6.0708377630756729E-004
76 5.5547096381520871E-004
77 6.4506318487300620E-004
78 5.2758256081232330E-004
79 5.7008212189290904E-004
80 5.3613398876722657E-004
81 5.9156648623922257E-004
82 4.9145419031073321E-004
83 6.0569073630701328E-004
84 5.6695500937831622E-004
85 6.3721616258457375E-004
86 6.1920848163893208E-004
87 5.6495349557640964E-004
88 5.3371785122621816E-004
89 5.2232646150793878E-004
90 6.7011031915770636E-004
91 6.1598083701758818E-004
92 5.8203467295738648E-004
93 6.0363797191899089E-004
94 5.4674278135178516E-004
95 5.9923872308461561E-004
96 6.2446064281235518E-004
97 6.1915526198733550E-004
98 5.9422509325244557E-004
99 5.9371387553755397E-004
100 5.4468804789828201E-004
101 6.0431806788047984E-004
102 4.8195325604099258E-004
103 5.7858689950332932E-004
104 5.2457635197850202E-004
105 5.3391103917779738E-004
106 4.5782868718999585E-004
107 5.3892663807544817E-004
108 5.3271315619430335E-004
109 5.2724152829883850E-004
110 5.0830077448141850E-004
111 6.0217724788926192E-004
112 5.1499919530699218E-004
113 5.5830041814050981E-004
114 4.8300526352806179E-004
115 5.4791175438866449E-004
116 5.5143575024449085E-004
117 4.9708417020617865E-004
118 6.3059396416076927E-004
119 4.6308478649438036E-004
120 4.8823442195131226E-004
121 5.2391465852555288E-004
122 4.7357201328749601E-004
123 5.2218452414247538E-004
124 4.1206138318416324E-004
125 5.1030425734880573E-004
126 5.2462563349913718E-004
127 5.0859252547426814E-004
128 4.9656835224965432E-004
129 4.3661964039347291E-004
130 5.3386372672264298E-004
131 5.0160432272132558E-004
132 4.9134116289188462E-004
133 4.6137502368532338E-004
134 4.6323460012176660E-004
135 5.1802577571483381E-004
136 5.2927128993668837E-004
137 4.3696264197243847E-004
138 4.1752907294866667E-004
139 4.7550124281859479E-004
140 4.2652469669995799E-004
141 4.0602071768057734E-004
142 3.8338578280592422E-004
143 4.5011504508589065E-004
144 5.1472978495364365E-004
145 4.5243261958562874E-004
146 4.5558667298135555E-004
147 3.7591264110855270E-004
148 4.4641626378702471E-004
149 4.0694919031072289E-004
150 3.8673696228419172E-004
151 3.7806396853784556E-004
152 4.0186787644937790E-004
153 4.2892243173242676E-004
154 3.7505775970402434E-004
155 4.2696429225471321E-004
156 3.7253452074915115E-004
157 3.8170492994348199E-004
158 3.7129129437598343E-004
159 3.4964068295922468E-004
160 3.5955887214421931E-004
161 3.5902268261367453E-004
162 3.4184294219142728E-004
163 3.5117959845620340E-004
164 3.6515797302756934E-004
165 3.4792895108468698E-004
166 3.3202134698222230E-004
167 2.9990191128088754E-004
168 3.5626288138302905E-004
169 3.3624581037355802E-004
170 3.0354877988296620E-004
171 3.1268831006520158E-004
172 3.1882163141361568E-004
173 3.8241327374091428E-004
174 3.4008389786173519E-004
175 3.2830416317481661E-004
176 2.5063558323488181E-004
177 2.9355043016524084E-004
178 2.3900369310986876E-004
179 2.3853715667397955E-004
180 2.3484691374770790E-004
181 3.4580390242585675E-004
182 2.8147894448547262E-004
183 2.3829271813628435E-004
184 2.8761423489936748E-004
185 2.0774307694402394E-004
186 2.1373052279601322E-004
187 2.4696965001359204E-004
188 2.3709680421827109E-004
189 1.7428382089373180E-004
190 2.4606351802294770E-004
191 1.9606190529837568E-004
192 2.1607700724236606E-004
193 2.2450950058197850E-004
194 2.0967230647512273E-004
195 1.9630634383607088E-004
196 2.1747201630840078E-004
197 1.8237528171985944E-004
198 2.1844386326273931E-004
199 1.6504572767022605E-004
200 2.0172869021090062E-004
201 1.6318615123378283E-004
202 1.4307248624852213E-004
203 1.4143697677575367E-004
204 1.4163213379281368E-004
205 1.5211739152044861E-004
206 1.0753812517070636E-004
207 1.5854246386171235E-004
208 1.5739386239885353E-004
209 1.6597026216941014E-004
210 1.5035440905979505E-004
211 1.2100265085102859E-004
212 1.4820308163050223E-004
213 1.4634350519405906E-004
214 1.0396484779424482E-004
215 1.4126219133271412E-004
216 1.4106703431565414E-004
217 7.8058893974054821E-005
218 9.1747486618051776E-005
219 7.4417932568418351E-005
220 1.1459598101830459E-004
221 7.0776971162781881E-005
222 3.8883571490602590E-005
223 3.5388485581390941E-005
224 8.8981778190964231E-005
225 2.8398313762967649E-005
226 1.4272094629696233E-005
227 3.2896125638613294E-005
228 2.4903227853756000E-005
229 3.0841392185110110E-005
230 5.3301541616723649E-005
231 7.1360473148481166E-006
232 1.4126219133271414E-005
233 2.1408141944544351E-005
234 0.0000000000000000
235 1.0631133224059765E-005
236 3.4950859092116484E-006
237 0.0000000000000000
238 0.0000000000000000
239 0.0000000000000000
240 0.0000000000000000
