0 1.1276652367871464E-006
1 6.7659914207228781E-006
2 7.9026071101790849E-006
3 2.5981052709449670E-005
4 4.4050547856051202E-005
5 3.2755994582841616E-005
6 6.2120043002652717E-005
7 3.5029225961754027E-005
8 5.5336150676591721E-005
9 5.0816539276774071E-005
10 3.2747044130172542E-005
11 6.6630703949801314E-005
12 9.3757322801376250E-005
13 9.4849186227487139E-005
14 7.9079773817805222E-005
15 9.2584905301243794E-005
16 9.3730471443369070E-005
17 1.1744724322657540E-004
18 1.1068125180585252E-004
19 1.1991136703756916E-004
20 1.2535880078942354E-004
21 1.2990526354724835E-004
22 1.6382472517755336E-004
23 1.5810584491959606E-004
24 1.4001844886765642E-004
25 1.5244961783032225E-004
26 1.9312612042868106E-004
27 1.5696922923013988E-004
28 1.8862440993420152E-004
29 1.9989211184940394E-004
30 1.4795685778851175E-004
31 1.9765468228116778E-004
32 1.5921560925104511E-004
33 2.7445227426739152E-004
34 2.3830433352151938E-004
35 1.8859755857619434E-004
36 1.5581471263534556E-004
37 2.2041678035433017E-004
38 2.2701873070097884E-004
39 2.4753444875323606E-004
40 2.5417220091056097E-004
41 2.5185421726830326E-004
42 2.8917457551430782E-004
43 3.3343391670777854E-004
44 2.9587791376634731E-004
45 2.6204795666273293E-004
46 3.1735725598131741E-004
47 2.8573787708793201E-004
48 3.1170102889204355E-004
49 2.4732565541581657E-004
50 2.7333355948327341E-004
51 2.8693714594607166E-004
52 2.7894503430920192E-004
53 3.0264390518707017E-004
54 3.2883375123393926E-004
55 3.0943674796580025E-004
56 3.2751519356507078E-004
57 3.5576947765343289E-004
58 3.3199005270154316E-004
59 3.6817379525809149E-004
60 3.6367208476361203E-004
61 3.7175663385320332E-004
62 3.5930756398519942E-004
63 3.5803375857967629E-004
64 3.5521448971288983E-004
65 3.2298663171258409E-004
66 3.8985298035781207E-004
67 4.1790742156142376E-004
68 4.0889505011979562E-004
69 4.0092083938826406E-004
70 3.7047387799501107E-004
71 3.9096274468926112E-004
72 3.9300928182541591E-004
73 3.9414589751487214E-004
74 3.9982002550948412E-004
75 3.7493083622614528E-004
76 4.2942866907739091E-004
77 4.5314544086059723E-004
78 4.0317616986183834E-004
79 3.5909877064777994E-004
80 4.5175527957037621E-004
81 4.1668130134527687E-004
82 4.0882344649844314E-004
83 4.8454707596389413E-004
84 4.4159734198662289E-004
85 4.7135212572326581E-004
86 4.4182403622938045E-004
87 4.2618286308309652E-004
88 4.7929053464412113E-004
89 5.0417972392745986E-004
90 4.8246473701706304E-004
91 4.3595901580268715E-004
92 4.3366788351843657E-004
93 4.1023150869400223E-004
94 4.5169843237869366E-004
95 4.2166325168327889E-004
96 4.6128369266620304E-004
97 4.1004061626192091E-004
98 4.3299360676716468E-004
99 4.5408221366530303E-004
100 4.5218181669788430E-004
101 5.0911692200211647E-004
102 4.0213800915174177E-004
103 4.6333022980235778E-004
104 4.6347636997109385E-004
105 4.8020045609081970E-004
106 4.9145627462732189E-004
107 4.4762640348739038E-004
108 4.8159061738104072E-004
109 4.3657644536227656E-004
110 4.6123894040285774E-004
111 4.6353902313977732E-004
112 5.4718316062074535E-004
113 4.4389742472354253E-004
114 5.2870481770233701E-004
115 4.2720018996182381E-004
116 4.7632512560859865E-004
117 4.7145953115529453E-004
118 4.3494770645059776E-004
119 4.8014382044877428E-004
120 4.4569622223593336E-004
121 4.9748533612808943E-004
122 4.5878376704453297E-004
123 4.4998018894032438E-004
124 4.9049265046460897E-004
125 4.6335708116036496E-004
126 5.1067112436641168E-004
127 5.3559611546042665E-004
128 5.2140195079604628E-004
129 4.1514185541065171E-004
130 5.0067743940636962E-004
131 4.2066089278385862E-004
132 4.7828817574470075E-004
133 4.6290054819918155E-004
134 4.7955303069755493E-004
135 4.0157407075852971E-004
136 4.9899478622903945E-004
137 5.8135616785181523E-004
138 4.9470186907197926E-004
139 4.6740225869366112E-004
140 4.8393545238130565E-004
141 4.1785952482241027E-004
142 5.7796422168878477E-004
143 4.6698467201882220E-004
144 4.4026668938941711E-004
145 4.9811171614034795E-004
146 3.9903541040015229E-004
147 3.8205777867966170E-004
148 4.6484569742994564E-004
149 4.1885000034313043E-004
150 5.2889277720838727E-004
151 5.1284296783993331E-004
152 4.7914124999971688E-004
153 4.6235472226094468E-004
154 4.7195767190415504E-004
155 5.1515200102952201E-004
156 4.5693413986709754E-004
157 4.6000674278501161E-004
158 4.3086358263095729E-004
159 3.4919123418912317E-004
160 5.0161106773540713E-004
161 5.1292352191395485E-004
162 4.1647538105882721E-004
163 3.7504404763517499E-004
164 3.6734128340974633E-004
165 4.2394250058882925E-004
166 4.2872460804208073E-004
167 4.1368296355004798E-004
168 3.4284304099287642E-004
169 3.6263077957784728E-004
170 4.0804484891574937E-004
171 4.1015382767095051E-004
172 3.9918735654588934E-004
173 3.6493086231476692E-004
174 3.8808390725439819E-004
175 3.5249074289943203E-004
176 3.2179023590541426E-004
177 3.4270563972717234E-004
178 3.9734982429679106E-004
179 3.2501814099437064E-004
180 3.6831385802512832E-004
181 3.4175117756676555E-004
182 3.8078082879847039E-004
183 3.6779467189526150E-004
184 3.1143245543691046E-004
185 2.8750689031628465E-004
186 3.2274490961545818E-004
187 2.9447272462175794E-004
188 2.5530567212434901E-004
189 2.9996491063695761E-004
190 3.0354774923206949E-004
191 2.2064054167105670E-004
192 2.0970987235667169E-004
193 2.1818536831273196E-004
194 2.6962828760176451E-004
195 3.1580571511835500E-004
196 2.2008555373051364E-004
197 2.1802111568902069E-004
198 2.0653566998372975E-004
199 1.9502337292043163E-004
200 1.7507138171174945E-004
201 1.9051271197328303E-004
202 1.9315877776368909E-004
203 1.5546558510619088E-004
204 1.4660830428596790E-004
205 1.2927573905932173E-004
206 1.6224947743225188E-004
207 1.0986083488584451E-004
208 1.0930584694530147E-004
209 8.5926319312549645E-005
210 1.0987852424154557E-004
211 1.1948168543439296E-004
212 9.6483942665803886E-005
213 8.1979385208976095E-005
214 6.8220708124772735E-005
215 5.9172534872468380E-005
216 6.8220708124772735E-005
217 7.2549427092509009E-005
218 4.1085138820528732E-005
219 4.7678138714508372E-005
220 5.7853977203599869E-005
221 3.4301246494467730E-005
222 2.8263234541031148E-005
223 2.4125408005376230E-005
224 4.0894246388447363E-005
225 4.7869031146589728E-005
226 3.7884085089579593E-005
227 2.7326461736325368E-005
228 1.3758677084203364E-005
229 1.7150623247233865E-005
230 1.0366730921172864E-005
231 3.3919461630305003E-006
232 6.7838923260610006E-006
233 0.0000000000000000
234 0.0000000000000000
235 0.0000000000000000
236 0.0000000000000000
237 0.0000000000000000
238 0.0000000000000000
239 0.0000000000000000
240 0.0000000000000000
