2.036298066377639771e-01
1.502755936235189438e-02
-1.144657805562019348e-01
1.377399712800979614e-01
-1.548011153936386108e-01
2.206294685602188110e-01
2.079267203807830811e-01
-4.990242421627044678e-02
-8.607336133718490601e-02
-2.812256477773189545e-02
-8.531702309846878052e-02
-1.625187695026397705e-01
-1.781940609216690063e-01
-2.382337003946304321e-01
5.005108937621116638e-02
7.464329153299331665e-02
-5.311994813382625580e-03
2.919106930494308472e-02
-1.833305805921554565e-01
5.390800163149833679e-02
-4.212434962391853333e-02
-9.984222799539566040e-02
