9.482560306787490845e-02,-3.177813589572906494e-01,-5.999464076012372971e-03,-2.161415070295333862e-01,1.340075880289077759e-01,-2.417769581079483032e-01,7.973181456327438354e-02,-7.940413057804107666e-02,6.252021789550781250e-01,1.052338108420372009e-01,3.315324708819389343e-02,-9.592880308628082275e-02,-1.023262068629264832e-01,5.370926577597856522e-03,-1.665855757892131805e-02,-6.925723701715469360e-02,-2.784231863915920258e-02,7.393529266119003296e-02,-4.044425487518310547e-02,2.284560725092887878e-02,-5.764869228005409241e-02,-3.829579651355743408e-01
-1.235414147377014160e-01,1.672563105821609497e-01,1.186172217130661011e-01,-1.094722673296928406e-01,1.614492684602737427e-01,-8.545207791030406952e-03,1.453656554222106934e-01,5.734624266624450684e-01,1.952715218067169189e-01,3.564158827066421509e-02,1.129966080188751221e-01,-2.487781196832656860e-01,1.699634790420532227e-01,-1.213856339454650879e-01,3.008595407009124756e-01,2.580153942108154297e-01,2.367850951850414276e-02,-2.813834547996520996e-01,8.684223890304565430e-02,-3.151008188724517822e-01,2.364283502101898193e-01,2.554207444190979004e-01
-6.202468276023864746e-02,5.404732190072536469e-03,1.626545749604701996e-02,-7.335876673460006714e-02,-2.090438604354858398e-01,-5.325626581907272339e-02,-2.398292422294616699e-01,1.510908305644989014e-01,2.654258720576763153e-02,-1.092133000493049622e-01,2.289657890796661377e-01,-1.486800909042358398e-01,5.260406807065010071e-02,1.859439313411712646e-01,-1.432254314422607422e-01,1.287063509225845337e-01,2.127237468957901001e-01,1.692016869783401489e-01,-9.125631302595138550e-02,-2.360956221818923950e-01,1.037323940545320511e-02,2.681255042552947998e-01
1.512325853109359741e-01,5.224038287997245789e-02,-1.533912271261215210e-01,7.873252779245376587e-02,-9.836320579051971436e-02,-4.049127697944641113e-01,-3.675826787948608398e-01,-1.865115016698837280e-02,7.210267335176467896e-02,7.665555458515882492e-03,3.925573229789733887e-01,-2.980397939682006836e-01,1.685863137245178223e-01,1.523970663547515869e-01,8.708441257476806641e-02,-1.759943515062332153e-01,-8.969605714082717896e-02,-1.968914121389389038e-01,-2.328471690416336060e-01,8.633854985237121582e-02,-2.344060391187667847e-01,-3.027794361114501953e-01
2.990932464599609375e-01,-7.696773111820220947e-02,-2.750333547592163086e-01,-2.337995767593383789e-01,-1.077949106693267822e-01,-1.734099686145782471e-01,-8.334595710039138794e-02,-6.466395407915115356e-02,7.429154217243194580e-02,3.902882039546966553e-01,-4.011237919330596924e-01,1.387848053127527237e-02,1.277285069227218628e-01,4.505041241645812988e-01,-1.671384721994400024e-01,-2.705069482326507568e-01,-1.048726066946983337e-01,-1.508455071598291397e-02,3.333703279495239258e-01,-2.718071639537811279e-01,-3.519291281700134277e-01,2.274527959525585175e-02
-1.849979395046830177e-03,-2.359785884618759155e-01,-1.529261320829391479e-01,-1.717470735311508179e-01,2.386621385812759399e-02,-1.605920493602752686e-01,-1.536584794521331787e-01,1.274856477975845337e-01,-1.591289192438125610e-01,4.943034425377845764e-02,1.609859615564346313e-01,-4.771392419934272766e-02,9.624675661325454712e-02,1.026089191436767578e-01,5.412230268120765686e-02,-3.885584473609924316e-01,-1.474929973483085632e-02,-9.397664666175842285e-02,-1.557110548019409180e-01,-1.237979009747505188e-01,-3.717411756515502930e-01,-2.177843600511550903e-01
-3.879360854625701904e-01,-1.088446006178855896e-02,1.816282123327255249e-01,-8.728937804698944092e-02,-8.175609260797500610e-02,9.887521155178546906e-04,1.038318574428558350e-01,-1.368707790970802307e-02,2.529668509960174561e-01,-3.040089309215545654e-01,-2.293814569711685181e-01,3.513729572296142578e-01,2.354963272809982300e-01,2.848055660724639893e-01,-1.402727663516998291e-01,-2.691217362880706787e-01,1.330000609159469604e-01,-2.477317489683628082e-02,2.654293775558471680e-01,5.026513338088989258e-02,-2.959871292114257812e-01,-3.949619084596633911e-02
-1.686762422323226929e-01,-4.000932723283767700e-02,1.011807937175035477e-02,1.176913902163505554e-01,4.681957140564918518e-02,8.390434831380844116e-02,2.328046411275863647e-01,1.336745768785476685e-01,-4.357190728187561035e-01,2.269755750894546509e-01,2.354515194892883301e-01,1.022808775305747986e-01,1.856871247291564941e-01,1.670507043600082397e-01,3.514953255653381348e-01,-1.186618506908416748e-01,-2.087247967720031738e-01,5.709744989871978760e-02,1.084199398756027222e-01,7.167756557464599609e-02,1.144016534090042114e-01,1.196066141128540039e-01
-8.690687268972396851e-02,3.767598271369934082e-01,1.916261762380599976e-01,-4.539884626865386963e-01,1.285028457641601562e-01,8.775557391345500946e-03,-3.830071389675140381e-01,-2.423084825277328491e-01,4.489322900772094727e-01,-2.503795027732849121e-01,2.289755195379257202e-01,-9.679894894361495972e-02,-2.220627516508102417e-01,4.530412331223487854e-02,-2.170241922140121460e-01,-2.211973369121551514e-01,5.510314553976058960e-02,-5.102422088384628296e-02,1.454797685146331787e-01,1.704039275646209717e-01,-3.410391882061958313e-02,2.495770752429962158e-01
-4.766140282154083252e-01,4.134017229080200195e-01,2.733241617679595947e-01,2.650238573551177979e-01,-2.018216103315353394e-01,2.230291366577148438e-01,-5.497211217880249023e-02,1.747526526451110840e-01,1.492391526699066162e-01,-3.755767047405242920e-01,2.682102024555206299e-01,1.578787565231323242e-01,-2.589575350284576416e-01,4.793833792209625244e-01,1.842966675758361816e-01,2.915595658123493195e-02,-1.578547805547714233e-01,1.252573430538177490e-01,1.336451470851898193e-01,2.007056921720504761e-01,-2.701899223029613495e-02,9.307887405157089233e-02
-2.737059593200683594e-01,-2.040179073810577393e-01,4.127839505672454834e-01,-1.925533562898635864e-01,-7.564388215541839600e-02,-2.009048014879226685e-01,-2.685690820217132568e-01,8.857735991477966309e-02,8.822658099234104156e-03,2.981873154640197754e-01,1.300248056650161743e-01,2.182351350784301758e-01,3.046513795852661133e-01,-1.880008280277252197e-01,2.353343963623046875e-01,-3.413971513509750366e-02,-1.474516689777374268e-01,-2.167747169733047485e-01,-8.074047416448593140e-02,-1.604807525873184204e-01,-1.414733380079269409e-01,1.694521307945251465e-01
2.839923799037933350e-01,3.280646353960037231e-02,1.949989199638366699e-01,-2.323898226022720337e-01,2.200450301170349121e-01,9.521603584289550781e-02,3.611943125724792480e-02,3.019499778747558594e-01,-8.749977499246597290e-02,-5.585090816020965576e-02,-7.892551273107528687e-02,1.485058069229125977e-01,2.700386941432952881e-02,3.795092701911926270e-01,1.934062838554382324e-01,2.938801050186157227e-01,-9.650072455406188965e-02,5.191028118133544922e-01,2.548482418060302734e-01,2.792193889617919922e-01,2.013880461454391479e-01,-5.993898212909698486e-02
3.079945445060729980e-01,-9.291703999042510986e-02,2.043243944644927979e-01,-2.619667649269104004e-01,2.250061482191085815e-01,-5.442545413970947266e-01,-4.052955508232116699e-01,-1.864423304796218872e-01,1.951345801353454590e-01,-1.620201915502548218e-01,1.353998482227325439e-01,-2.581841312348842621e-02,3.886740654706954956e-02,-1.604033634066581726e-02,4.507655277848243713e-02,1.605600863695144653e-01,1.475590169429779053e-01,1.514276713132858276e-01,-3.869273364543914795e-01,7.418543845415115356e-02,-8.770254254341125488e-02,5.965495109558105469e-02
4.117169082164764404e-01,3.160735368728637695e-01,-2.577534317970275879e-01,-1.956743896007537842e-01,5.297767743468284607e-02,-3.911662995815277100e-01,-1.511558741331100464e-01,-2.190008610486984253e-01,3.519542217254638672e-01,-7.437915354967117310e-02,-3.825392723083496094e-01,-8.227264136075973511e-02,2.496561408042907715e-01,3.708967939019203186e-02,2.574867010116577148e-01,2.955078184604644775e-01,-9.782506525516510010e-02,-1.778714507818222046e-01,-4.604490101337432861e-02,-7.409818470478057861e-02,-1.353011429309844971e-01,-1.123228296637535095e-01
-1.519122570753097534e-01,1.337628960609436035e-01,1.016376689076423645e-01,-1.120656356215476990e-01,3.277898728847503662e-01,-7.973501831293106079e-02,1.498595327138900757e-01,-1.428615022450685501e-02,-4.109880030155181885e-01,-1.271303147077560425e-01,-2.234409153461456299e-01,1.744791716337203979e-01,-1.567393541336059570e-01,9.639984369277954102e-02,2.160503268241882324e-01,1.535642147064208984e-01,-1.844073235988616943e-01,-3.050298690795898438e-01,8.897536993026733398e-02,2.114886641502380371e-01,-2.358594723045825958e-02,-1.901721507310867310e-01
-6.869348883628845215e-02,-4.366640001535415649e-02,-1.669992133975028992e-02,1.711050868034362793e-01,-1.149283349514007568e-02,1.078177466988563538e-01,1.231064423918724060e-01,8.396098017692565918e-02,4.217858910560607910e-01,-2.040383368730545044e-01,-4.152008891105651855e-02,6.770033389329910278e-02,-2.424339652061462402e-01,1.940061300992965698e-01,-2.350089102983474731e-01,5.791960358619689941e-01,3.958016633987426758e-01,1.331305503845214844e-01,3.055114746093750000e-01,-2.561936378479003906e-01,8.520278334617614746e-02,-4.497058689594268799e-03
1.018415838479995728e-01,-2.631931565701961517e-02,-5.687189102172851562e-02,-6.682560592889785767e-02,-2.772992849349975586e-01,4.662432521581649780e-02,-2.659920454025268555e-01,1.908148378133773804e-01,6.617765128612518311e-02,1.204916834831237793e-01,-2.845811424776911736e-03,-1.223762184381484985e-01,2.057501301169395447e-02,5.026141554117202759e-02,-4.306050762534141541e-02,9.366670995950698853e-02,1.220674812793731689e-01,3.079439699649810791e-01,4.027729481458663940e-02,-6.288424879312515259e-02,9.974952787160873413e-02,-7.108730077743530273e-02
9.516686201095581055e-03,-3.569484502077102661e-02,3.174154758453369141e-01,6.865848321467638016e-03,-1.790672689676284790e-01,-2.576660811901092529e-01,-2.793026342988014221e-02,-1.887945830821990967e-01,5.443688854575157166e-02,1.421865671873092651e-01,3.201411664485931396e-02,3.018735349178314209e-01,6.249890103936195374e-02,-1.945926062762737274e-02,-5.984559655189514160e-02,-1.567627489566802979e-01,-4.267085716128349304e-02,-4.642553925514221191e-01,-3.366418480873107910e-01,2.715567871928215027e-02,-1.047012880444526672e-01,-2.359315901994705200e-01
-3.031174466013908386e-02,1.029245406389236450e-01,-1.858704388141632080e-01,-8.947306871414184570e-02,-3.283761441707611084e-01,-3.124838173389434814e-01,1.859898716211318970e-01,-2.512701153755187988e-01,-5.129099637269973755e-02,6.757084745913743973e-03,-1.986625976860523224e-02,-3.389188349246978760e-01,7.196076959371566772e-02,-1.824383437633514404e-01,2.798984944820404053e-01,-1.221716031432151794e-01,-6.280224025249481201e-02,1.291146874427795410e-01,1.749171465635299683e-01,-1.558274328708648682e-01,-1.662146300077438354e-01,1.067192107439041138e-01
4.817046225070953369e-02,1.005295366048812866e-01,3.351002335548400879e-01,7.718980312347412109e-02,-8.127062767744064331e-02,-6.401452422142028809e-02,-3.702318668365478516e-02,-1.416676342487335205e-01,-1.128571406006813049e-01,-1.241706218570470810e-02,-1.300688534975051880e-01,-2.293507456779479980e-01,-8.757429569959640503e-02,-2.685054540634155273e-01,-1.933085620403289795e-01,2.153813466429710388e-02,-2.314457446336746216e-01,-2.020982801914215088e-01,1.901548504829406738e-01,8.794802427291870117e-02,-1.533596366643905640e-01,-4.011099338531494141e-01
-1.787002831697463989e-01,7.682398706674575806e-02,-2.727111577987670898e-01,4.647060334682464600e-01,-2.592251896858215332e-01,-7.577023655176162720e-02,-4.257119819521903992e-02,1.727310270071029663e-01,-6.617687642574310303e-02,-4.580110907554626465e-01,2.706053256988525391e-01,-2.055396558716893196e-03,3.103933334350585938e-01,2.696221694350242615e-03,1.806310862302780151e-01,3.344860076904296875e-01,-3.529333770275115967e-01,-1.457650363445281982e-01,-1.143609508872032166e-01,1.897270046174526215e-02,3.977337479591369629e-01,9.752343595027923584e-02
-3.642843067646026611e-01,-3.222125768661499023e-01,-1.792355328798294067e-01,1.035555228590965271e-01,6.568437069654464722e-02,9.096106141805648804e-02,2.320274710655212402e-02,-5.224722623825073242e-01,1.901216059923171997e-01,-1.593222618103027344e-01,-2.045075148344039917e-01,-7.463907450437545776e-02,-1.802578121423721313e-01,-1.492900103330612183e-01,1.509327143430709839e-01,-8.449926972389221191e-02,1.020706295967102051e-01,-1.090079918503761292e-01,-2.498800009489059448e-01,-3.711902499198913574e-01,-3.973631560802459717e-01,-5.685293674468994141e-01
