2.539823763072490692e-03
-6.519769877195358276e-02
3.646891936659812927e-02
-2.791256271302700043e-02
2.007373981177806854e-02
3.323815390467643738e-02
1.230326201766729355e-02
-5.775948613882064819e-02
-3.545453771948814392e-02
1.975359395146369934e-02
-1.465751677751541138e-01
6.036859005689620972e-02
-4.495967179536819458e-02
-2.799572423100471497e-02
1.002520948532037437e-04
3.475647047162055969e-02
1.261573377996683121e-02
2.109082043170928955e-02
-2.264541573822498322e-02
-1.706879399716854095e-02
3.499838523566722870e-03
-8.928015083074569702e-02
-3.648080676794052124e-02
2.127192541956901550e-02
1.482807286083698273e-02
-2.362792938947677612e-02
-8.979598991572856903e-03
1.636388152837753296e-02
-3.033649735152721405e-02
-1.319178342819213867e-01
1.876738108694553375e-02
-9.452334791421890259e-02
2.258314937353134155e-02
1.983696222305297852e-02
7.810881733894348145e-02
-3.147863969206809998e-02
-5.698974058032035828e-02
1.301809027791023254e-02
2.845609374344348907e-02
2.756321616470813751e-02
-1.762637868523597717e-02
8.988913148641586304e-03
9.111897088587284088e-03
2.087848633527755737e-02
-1.069358922541141510e-02
2.888669259846210480e-03
7.123270630836486816e-02
-5.754140391945838928e-02
-1.061648409813642502e-02
-1.358650624752044678e-02
5.004032701253890991e-02
-3.672407194972038269e-02
-3.007185272872447968e-02
1.876433566212654114e-02
1.043958682566881180e-02
-3.766531497240066528e-02
-1.261983346194028854e-02
2.013273164629936218e-02
5.038229003548622131e-02
-5.712174344807863235e-03
6.439451128244400024e-03
3.339892718940973282e-03
4.696150310337543488e-03
-1.022006757557392120e-02
1.107952790334820747e-03
2.125994861125946045e-02
-5.529141053557395935e-03
1.789205148816108704e-02
-2.107231691479682922e-02
-3.125715628266334534e-02
-1.593330688774585724e-02
-6.695462018251419067e-02
-4.025069251656532288e-02
3.191611915826797485e-02
-3.556356206536293030e-02
-5.984600633382797241e-03
2.365534193813800812e-02
8.718161843717098236e-03
1.917260140180587769e-02
1.303369528613984585e-03
3.345797210931777954e-02
-1.810262352228164673e-01
-5.678989365696907043e-02
4.560701083391904831e-03
-2.534869126975536346e-03
3.909916803240776062e-02
2.675516530871391296e-02
-7.631381601095199585e-02
-2.735548466444015503e-02
-1.023643556982278824e-02
-5.240657832473516464e-03
-2.948971698060631752e-03
-9.526813402771949768e-03
3.428015857934951782e-02
-1.578111574053764343e-02
6.599196791648864746e-02
1.841094903647899628e-02
-6.034113466739654541e-04
1.935836672782897949e-02
