3.153471648693084717e-02
9.340205043554306030e-02
-4.349765554070472717e-02
2.568664960563182831e-02
4.452426359057426453e-02
-1.540478616952896118e-01
5.901156738400459290e-02
-1.805158555507659912e-01
1.623375564813613892e-01
-8.102700114250183105e-02
-1.912164390087127686e-01
4.465000331401824951e-02
2.254665084183216095e-02
8.616256713867187500e-02
-1.335490308701992035e-02
-1.629810482263565063e-01
5.882851779460906982e-02
5.713985115289688110e-02
-2.734450250864028931e-02
-1.487459242343902588e-01
-7.521047443151473999e-02
5.577883496880531311e-02
3.046470507979393005e-02
5.102877691388130188e-02
5.042176321148872375e-02
1.119819469749927521e-02
6.951048970222473145e-02
-8.438804000616073608e-02
-9.460745006799697876e-02
1.335964351892471313e-02
-1.408778037875890732e-02
-1.099023297429084778e-01
-1.993898451328277588e-01
-2.424874715507030487e-02
-3.043871223926544189e-01
-1.218222379684448242e-01
1.657865382730960846e-02
-1.086829155683517456e-01
-2.505877427756786346e-02
-2.187361121177673340e-01
-1.530724614858627319e-01
3.002834878861904144e-02
1.212797611951828003e-01
3.277952224016189575e-02
-1.034814193844795227e-01
9.972146898508071899e-02
-1.594080179929733276e-01
9.117730706930160522e-02
-7.529466599225997925e-02
-1.961289905011653900e-02
1.168595924973487854e-01
4.183939844369888306e-02
-1.427235156297683716e-01
-2.162325941026210785e-02
-2.414426952600479126e-01
-2.349761314690113068e-02
-1.825982034206390381e-01
-9.970199316740036011e-02
-2.002749294042587280e-01
6.238826364278793335e-02
7.083871215581893921e-02
4.194294288754463196e-02
-1.019018664956092834e-01
1.326634585857391357e-01
5.031338334083557129e-02
-5.546313151717185974e-02
