-3.036863869056105614e-03
1.531129982322454453e-02
-2.624222077429294586e-02
3.312158584594726562e-02
-3.292884677648544312e-02
-6.141605786979198456e-03
2.557842060923576355e-02
-1.692042313516139984e-02
-4.161976650357246399e-02
-5.410711839795112610e-02
-4.491539299488067627e-02
1.044064294546842575e-02
-1.766663976013660431e-02
6.065445486456155777e-03
-3.637279942631721497e-02
-3.948385268449783325e-02
-4.151815548539161682e-03
-1.077817603945732117e-01
-1.293722633272409439e-02
-9.103325009346008301e-02
-9.544419497251510620e-02
2.768996637314558029e-03
-2.283129608258605003e-03
-1.440135538578033447e-01
1.899154670536518097e-02
-4.585048928856849670e-02
-2.740180306136608124e-02
-5.109483748674392700e-02
1.663829025346785784e-04
-4.560672864317893982e-02
7.028034888207912445e-04
-7.189214229583740234e-02
-6.450370699167251587e-02
-2.279667183756828308e-02
7.367392629384994507e-02
-6.430937210097908974e-04
1.416386384516954422e-02
2.197117917239665985e-02
-4.919258132576942444e-02
-1.114617511630058289e-01
-9.125743806362152100e-02
3.965022042393684387e-04
-7.939511910080909729e-03
2.234138362109661102e-02
5.404272582381963730e-03
-4.971225187182426453e-02
-7.078127562999725342e-02
-8.304665796458721161e-03
-5.065324530005455017e-02
-1.580900885164737701e-02
-1.928035542368888855e-02
1.745232753455638885e-02
-4.296281561255455017e-02
-8.875544182956218719e-03
-1.267672777175903320e-01
-2.769926097244024277e-03
-3.658311814069747925e-02
-4.817019216716289520e-03
-9.235477447509765625e-02
-6.265588104724884033e-02
1.674861274659633636e-02
2.435869770124554634e-03
-6.459874659776687622e-02
-3.225600719451904297e-02
-2.065732888877391815e-02
-2.255777828395366669e-02
