-8.577954769134521484e-02
1.933148363605141640e-03
-3.225535526871681213e-02
-6.541024893522262573e-02
-1.968108117580413818e-02
-5.882522463798522949e-02
-1.291314139962196350e-03
-4.700694978237152100e-02
-1.622590422630310059e-01
-9.159944951534271240e-03
-2.796276286244392395e-02
-8.208284527063369751e-02
-4.846661537885665894e-02
-1.820788718760013580e-02
3.130379191134124994e-04
1.881701685488224030e-02
-2.203956618905067444e-02
-2.056394964456558228e-01
-1.230320110917091370e-01
1.503154449164867401e-02
1.167236268520355225e-02
-9.706652164459228516e-02
2.750460617244243622e-02
-7.841449975967407227e-02
-6.165945157408714294e-02
3.628503903746604919e-02
-9.417128562927246094e-02
3.614040464162826538e-02
-4.228707775473594666e-02
-7.612435147166252136e-04
-7.956211455166339874e-03
-1.390953361988067627e-01
-5.427496507763862610e-02
2.906849607825279236e-02
3.266723826527595520e-03
-2.893718332052230835e-02
-7.822857797145843506e-02
2.265827357769012451e-02
-1.100424751639366150e-01
3.778473241254687309e-03
-8.309753239154815674e-02
1.513182651251554489e-02
-1.894230842590332031e-01
-5.752286687493324280e-02
6.387681514024734497e-02
-9.614507108926773071e-02
-1.215485036373138428e-01
-1.079422906041145325e-01
-1.456985473632812500e-01
-4.108855873346328735e-02
-2.363629266619682312e-02
-1.685765758156776428e-02
1.859033107757568359e-02
3.281677886843681335e-02
-3.605193458497524261e-03
9.468625485897064209e-02
1.107104867696762085e-02
-1.134752412326633930e-03
-4.930272698402404785e-02
-1.880930066108703613e-01
-9.141594916582107544e-02
-1.856640577316284180e-01
-1.092320010066032410e-01
-1.305350065231323242e-01
-3.958288114517927170e-03
-1.377904266119003296e-01
1.453976798802614212e-02
-9.915550053119659424e-02
-1.309975050389766693e-02
-3.875177819281816483e-03
4.492178931832313538e-02
-9.938898496329784393e-03
3.652322664856910706e-02
1.014564111828804016e-01
-9.971608221530914307e-02
-4.491601511836051941e-02
-2.217608690261840820e-02
6.155408546328544617e-02
-8.919283747673034668e-02
-3.495482262223958969e-03
-3.504078090190887451e-02
3.048338741064071655e-02
2.613843418657779694e-02
5.227800458669662476e-02
1.395792327821254730e-02
-1.474615186452865601e-01
-5.804255604743957520e-02
-8.754747360944747925e-02
2.608095295727252960e-02
-1.387721598148345947e-01
-2.949336171150207520e-02
-1.137035414576530457e-01
-4.233860969543457031e-02
-3.591980785131454468e-02
7.344193011522293091e-02
-4.181960225105285645e-02
2.616639807820320129e-02
-6.738296896219253540e-02
-9.893441200256347656e-02
3.527079150080680847e-02
-1.987365037202835083e-01
2.294834330677986145e-02
-1.037210598587989807e-02
-4.487259685993194580e-02
2.174018183723092079e-03
-1.725686192512512207e-01
1.416691020131111145e-02
-6.597615312784910202e-03
1.423671841621398926e-02
-1.078541278839111328e-01
-1.639674603939056396e-01
-4.018992185592651367e-03
5.970289930701255798e-02
1.788851246237754822e-02
-9.513947367668151855e-02
-2.974661532789468765e-03
-1.794929802417755127e-01
-6.419582758098840714e-03
-2.639740146696567535e-02
-5.564322322607040405e-02
4.136826843023300171e-02
7.203492522239685059e-02
3.511677309870719910e-02
-8.191487938165664673e-02
7.333613932132720947e-02
5.491427704691886902e-02
-3.530776873230934143e-02
1.059123221784830093e-02
2.057887241244316101e-02
6.432788074016571045e-02
-2.790282666683197021e-02
-1.556865423917770386e-01
-5.830903351306915283e-02
