-2.126517705619335175e-02
-8.375519514083862305e-02
-2.499438636004924774e-02
-4.648088663816452026e-02
1.167456656694412231e-01
2.401614747941493988e-02
-9.057741612195968628e-02
4.850943759083747864e-02
-2.266260534524917603e-01
3.767979517579078674e-02
-3.585882112383842468e-02
-2.469468303024768829e-02
2.771039865911006927e-02
5.625900626182556152e-02
-1.912184990942478180e-03
-1.269596815109252930e-01
8.704329282045364380e-02
9.704424999654293060e-03
4.023673012852668762e-02
-2.589871883392333984e-01
1.928549027070403099e-03
-4.997854679822921753e-02
-1.511324048042297363e-01
1.616505347192287445e-02
-5.177371576428413391e-02
-1.959064416587352753e-02
-8.223881572484970093e-02
4.975584521889686584e-02
-1.784112863242626190e-02
-6.832303851842880249e-02
-7.543856650590896606e-02
-1.541678607463836670e-02
9.578999131917953491e-02
-1.133996993303298950e-01
4.879968240857124329e-02
5.577881634235382080e-02
-4.693816415965557098e-03
3.244699537754058838e-02
1.206239759922027588e-01
1.514682918787002563e-02
-8.057348430156707764e-02
-2.694852352142333984e-01
-1.471372693777084351e-01
-2.076112926006317139e-01
-1.729800850152969360e-01
8.232671022415161133e-02
-1.423668563365936279e-01
-3.140238821506500244e-01
1.156225651502609253e-01
-3.009215593338012695e-01
-7.470409572124481201e-02
6.406913697719573975e-02
4.527644813060760498e-02
2.718000300228595734e-02
3.127165138721466064e-02
-1.120190843939781189e-01
-1.052123755216598511e-01
-3.407840058207511902e-02
7.104657590389251709e-02
-7.033010479062795639e-03
-1.698699295520782471e-01
1.902585290372371674e-02
-4.312472045421600342e-02
-3.474867045879364014e-01
-1.617616266012191772e-01
-1.277939081192016602e-01
-7.428550720214843750e-02
-2.166194142773747444e-03
4.279255121946334839e-02
-1.533059477806091309e-01
-2.825593203306198120e-02
4.778447002172470093e-02
-3.141133487224578857e-01
-1.206440180540084839e-01
2.412173524498939514e-02
-2.031855136156082153e-01
-2.346015535295009613e-02
-1.144260466098785400e-01
-8.345662802457809448e-02
-1.498432308435440063e-01
-1.153402850031852722e-01
-1.561098843812942505e-01
-1.038168072700500488e-01
-1.084892973303794861e-01
-2.724054753780364990e-01
-1.789885386824607849e-02
-8.420541137456893921e-02
-9.301111102104187012e-02
-1.334817260503768921e-01
6.282356102019548416e-03
-2.507111132144927979e-01
1.725075393915176392e-02
-9.045793861150741577e-02
-5.233261361718177795e-02
9.905631653964519501e-03
1.588255316019058228e-01
-2.039600014686584473e-01
1.757405931130051613e-03
2.456266246736049652e-02
-2.545622363686561584e-02
-1.401734203100204468e-01
8.664075285196304321e-03
6.073429714888334274e-03
8.058233559131622314e-02
4.404808953404426575e-02
1.394023150205612183e-01
-6.613087654113769531e-02
-1.500514894723892212e-01
-3.122178316116333008e-01
7.230133563280105591e-02
-9.101859480142593384e-02
1.856612600386142731e-02
1.024241074919700623e-01
-2.047720178961753845e-02
9.032345563173294067e-02
7.724214345216751099e-02
-6.332844495773315430e-04
-2.514758408069610596e-01
-4.834230244159698486e-02
1.622327417135238647e-02
-1.557252407073974609e-01
-2.201025933027267456e-01
7.241627667099237442e-03
3.639411553740501404e-02
-2.434109449386596680e-01
-2.858502566814422607e-01
4.628063738346099854e-02
2.588352374732494354e-02
2.920394018292427063e-02
-2.088347077369689941e-02
-1.677422225475311279e-01
3.708019852638244629e-02
8.563013747334480286e-03
3.045365400612354279e-02
-2.322216182947158813e-01
-4.454103112220764160e-02
3.078292589634656906e-03
2.190904226154088974e-03
3.351350128650665283e-02
-1.419465243816375732e-01
-2.169290632009506226e-01
-1.700616925954818726e-01
-1.942403614521026611e-01
2.037875913083553314e-02
-2.137193083763122559e-01
