-5.822840705513954163e-02
-1.925968937575817108e-02
-2.050177156925201416e-01
-1.299655344337224960e-02
-5.153701081871986389e-02
-6.956482678651809692e-02
-9.027247875928878784e-02
-4.736728221178054810e-02
-1.165755167603492737e-01
-6.951639801263809204e-02
-2.320365456398576498e-05
-7.184886839240789413e-03
-5.855647381395101547e-03
-1.106002926826477051e-02
-1.053442209959030151e-01
3.591945022344589233e-02
-6.917737424373626709e-02
-1.078500598669052124e-02
-9.387605637311935425e-02
2.741370536386966705e-02
-7.392769306898117065e-02
-1.037905588746070862e-01
-2.730285003781318665e-02
-7.946842163801193237e-02
-1.724627427756786346e-02
-1.789379306137561798e-02
1.261211466044187546e-02
-1.009554043412208557e-01
-2.619475722312927246e-01
-4.330593347549438477e-02
-9.358701854944229126e-02
-7.241587340831756592e-02
-9.830643981695175171e-02
-8.486656099557876587e-02
-6.092573329806327820e-02
-3.202787786722183228e-02
-4.251357913017272949e-02
-1.942130923271179199e-02
-3.757861629128456116e-02
-4.301685467362403870e-02
-2.710060216486454010e-02
4.357466101646423340e-02
-4.559435322880744934e-02
-1.271799206733703613e-02
3.311059623956680298e-02
4.075179621577262878e-02
-5.971279367804527283e-02
-2.723844721913337708e-02
-6.808307021856307983e-02
3.947257250547409058e-02
-5.666415393352508545e-02
5.412263050675392151e-02
-6.731183081865310669e-02
-3.100913949310779572e-02
1.711713522672653198e-02
-4.642156139016151428e-02
-7.640155963599681854e-03
-4.261638969182968140e-03
-8.922134339809417725e-02
-5.723914876580238342e-02
-7.173967361450195312e-02
-7.661331444978713989e-02
-6.645998358726501465e-02
-1.896231435239315033e-02
3.991561755537986755e-02
2.256770431995391846e-02
3.918558731675148010e-02
2.368833404034376144e-03
-8.312584459781646729e-02
-4.410315677523612976e-02
-7.395786046981811523e-02
-7.286291569471359253e-02
-1.812171936035156250e-02
-4.225141927599906921e-02
-1.107839960604906082e-02
-1.610579714179039001e-02
-1.125415340065956116e-01
-8.695498853921890259e-02
-4.898825660347938538e-03
1.791627611964941025e-03
-1.189875900745391846e-01
-1.431849449872970581e-01
-1.409398317337036133e-01
4.730295389890670776e-03
-4.901180416345596313e-02
8.457215502858161926e-03
-7.218728959560394287e-02
-3.186633437871932983e-02
-1.676796004176139832e-03
-1.772052049636840820e-02
-4.901676252484321594e-02
3.588197380304336548e-02
-3.804419934749603271e-02
-1.465802919119596481e-02
-1.560880839824676514e-01
-1.368530839681625366e-01
-5.514710769057273865e-02
-7.362177222967147827e-02
-2.757508121430873871e-02
