-6.135945767164230347e-02
2.638774737715721130e-02
-2.597862295806407928e-02
3.227644786238670349e-02
4.077957570552825928e-02
-1.017618700861930847e-01
6.372518092393875122e-02
3.929251059889793396e-02
-1.501179784536361694e-01
4.302353411912918091e-02
-8.176305145025253296e-02
1.565848104655742645e-02
-4.288335889577865601e-02
-3.556426847353577614e-03
6.427167356014251709e-02
4.070173576474189758e-02
3.297597169876098633e-02
-1.461754739284515381e-01
-4.206985980272293091e-02
2.126678638160228729e-02
1.969148218631744385e-02
3.449898958206176758e-02
2.458237856626510620e-02
-3.921840339899063110e-02
-6.392501294612884521e-03
1.239637378603219986e-02
-1.257597561925649643e-02
3.766022622585296631e-03
-1.004994753748178482e-02
5.578964948654174805e-02
-1.180631667375564575e-02
-8.244095742702484131e-02
1.464003138244152069e-02
1.092245131731033325e-01
2.222291938960552216e-02
-6.867630872875452042e-03
1.528104650788009167e-03
6.037392094731330872e-02
-1.126918494701385498e-01
2.831079438328742981e-02
1.615578122437000275e-02
6.131995841860771179e-02
-1.401093602180480957e-01
-1.643753424286842346e-02
6.137951463460922241e-02
1.712721958756446838e-02
-1.081831306219100952e-01
-6.088756769895553589e-02
-1.425098627805709839e-01
1.008949056267738342e-02
2.692428976297378540e-02
2.978717721998691559e-02
6.851305719465017319e-03
1.298756618052721024e-02
2.645588293671607971e-02
1.001747846603393555e-01
-3.408613847568631172e-03
3.350460529327392578e-02
-8.081108331680297852e-02
-1.233292818069458008e-01
-7.280237972736358643e-02
-6.530226767063140869e-02
1.262019854038953781e-02
-1.000567600131034851e-01
5.566151812672615051e-03
-6.827812641859054565e-02
3.396510332822799683e-02
8.101375773549079895e-03
-2.763854339718818665e-02
4.076872766017913818e-02
-1.197497732937335968e-02
-3.267721086740493774e-02
1.065536215901374817e-02
1.205089390277862549e-01
-3.219667449593544006e-02
3.733801422640681267e-03
1.124954968690872192e-02
1.044096127152442932e-01
-2.833410724997520447e-02
5.402451008558273315e-02
1.992912730202078819e-03
1.539780013263225555e-02
2.819535322487354279e-02
1.085875649005174637e-02
9.159503132104873657e-02
1.378573011606931686e-02
3.992794826626777649e-02
-9.572756476700305939e-03
-2.338898554444313049e-02
-2.794194407761096954e-02
-2.359911799430847168e-02
-8.812239766120910645e-02
-2.420437335968017578e-02
8.151562884449958801e-03
2.226406708359718323e-02
-5.027119442820549011e-02
1.332231517881155014e-02
-2.793700620532035828e-02
-1.072508096694946289e-01
-5.473276972770690918e-02
-2.086862325668334961e-01
3.338972479104995728e-02
-6.958033889532089233e-02
-1.043573766946792603e-02
-1.494801510125398636e-02
-1.398712247610092163e-01
1.860328949987888336e-02
-5.713671911507844925e-03
-1.400934124831110239e-04
-6.336086988449096680e-02
1.818940043449401855e-02
-1.333188172429800034e-02
7.763054221868515015e-02
1.184921711683273315e-03
-1.011904552578926086e-01
8.919151127338409424e-02
-7.343969494104385376e-02
-1.341729424893856049e-02
1.059050112962722778e-02
-1.957341842353343964e-02
-9.513058699667453766e-03
5.961221083998680115e-02
-2.100109681487083435e-02
9.212806820869445801e-03
-1.552987750619649887e-02
9.556360542774200439e-02
4.769006371498107910e-02
7.938794046640396118e-02
5.538331344723701477e-03
-1.961696706712245941e-02
1.859524846076965332e-02
-5.514920130372047424e-02
-2.409548312425613403e-02
