-6.892389059066772461e-01
-2.471533715724945068e-01
-3.104749321937561035e-01
-2.374639064073562622e-01
-2.270113378763198853e-01
-1.943951398134231567e-01
-1.843277662992477417e-01
-1.327431052923202515e-01
-1.386587917804718018e-01
-2.415042072534561157e-01
-1.367706358432769775e-01
-1.807396411895751953e-01
-1.939903944730758667e-01
-1.247914209961891174e-01
-9.969481080770492554e-02
-1.095431074500083923e-01
-6.664935499429702759e-02
-7.330286502838134766e-02
-5.603980273008346558e-02
-6.421653181314468384e-02
-3.061749599874019623e-02
-2.036737836897373199e-02
4.037321731448173523e-02
7.717999815940856934e-02
1.122415214776992798e-01
7.759216427803039551e-02
1.090099290013313293e-01
1.211375966668128967e-01
2.336939722299575806e-01
1.682401895523071289e-01
1.049269214272499084e-01
6.832853704690933228e-02
-1.744857244193553925e-02
-6.247100885957479477e-03
7.875691354274749756e-02
-3.542362526059150696e-02
1.096664182841777802e-02
-1.557449251413345337e-02
-1.902091898955404758e-03
4.079429805278778076e-02
7.702217996120452881e-02
1.318140923976898193e-01
2.582683265209197998e-01
1.631232351064682007e-01
2.455770075321197510e-01
1.295540779829025269e-01
1.760886162519454956e-01
1.856587678194046021e-01
1.567209810018539429e-01
2.198869138956069946e-01
1.677878350019454956e-01
1.085562184453010559e-01
3.792041540145874023e-02
3.676212858408689499e-03
-2.948961919173598289e-03
-1.041102930903434753e-01
-1.487997621297836304e-01
-2.715119421482086182e-01
3.207871615886688232e-01
4.641935229301452637e-01
4.621869325637817383e-01
4.885538518428802490e-01
4.466330707073211670e-01
4.774079918861389160e-01
4.654742181301116943e-01
5.397251844406127930e-01
5.497488975524902344e-01
5.680357813835144043e-01
5.094404220581054688e-01
4.268937110900878906e-01
3.862791955471038818e-01
3.426414132118225098e-01
2.951875030994415283e-01
3.333033025264739990e-01
2.679764032363891602e-01
3.196166157722473145e-01
2.325546890497207642e-01
1.812743097543716431e-01
1.613016575574874878e-01
1.190905123949050903e-01
6.879131495952606201e-02
1.971159130334854126e-02
-1.120546236634254456e-01
-1.112229600548744202e-01
-1.598234921693801880e-01
-2.411604672670364380e-01
-2.541393041610717773e-01
-2.284584939479827881e-01
-2.577441036701202393e-01
-3.577510714530944824e-01
-3.246907889842987061e-01
-3.238152563571929932e-01
-2.193264365196228027e-01
-2.033653557300567627e-01
-2.730329334735870361e-01
-2.160133719444274902e-01
-2.779063880443572998e-01
-3.035512268543243408e-01
-3.470339775085449219e-01
-2.836970984935760498e-01
-3.607173264026641846e-01
-3.993925750255584717e-01
-3.098550438880920410e-01
-3.131583929061889648e-01
-4.896309077739715576e-01
-1.744828820228576660e-01
6.685280054807662964e-02
1.257779151201248169e-01
1.552279591560363770e-01
1.140806078910827637e-01
1.588019728660583496e-01
1.612989157438278198e-01
2.379576116800308228e-01
2.266618460416793823e-01
3.211577534675598145e-01
3.030308783054351807e-01
3.101126551628112793e-01
3.512983322143554688e-01
3.757638633251190186e-01
3.782319128513336182e-01
4.267765879631042480e-01
4.051562249660491943e-01
4.016091525554656982e-01
4.483860731124877930e-01
4.282085895538330078e-01
3.627909719944000244e-01
3.926014602184295654e-01
4.004466533660888672e-01
3.974674642086029053e-01
3.397599458694458008e-01
2.652787864208221436e-01
1.939085125923156738e-01
1.820490360260009766e-01
1.933016031980514526e-01
1.766675859689712524e-01
1.590169966220855713e-01
1.537611186504364014e-01
2.038098573684692383e-01
1.386954933404922485e-01
1.391212642192840576e-01
1.184342429041862488e-01
4.979565367102622986e-02
9.867231361567974091e-03
-2.972235716879367828e-02
-3.709934651851654053e-01
