0.000000000000000000e+00
3.643717907519723092e-04
7.151584493793621987e-04
9.855490146759304532e-04
1.249490487954511451e-03
1.493847293375248761e-03
1.739124436971880650e-03
1.978749417983051949e-03
2.213724727587091084e-03
2.454047829342720366e-03
2.683370640357434205e-03
3.177231297984947460e-03
3.651456653705527182e-03
4.093565910033928820e-03
4.533813452618916558e-03
5.049763386473928896e-03
5.496062399835740381e-03
5.944182347807040225e-03
6.390799499108599027e-03
6.898358063180896546e-03
7.398316105553240027e-03
7.875566299674495799e-03
8.347977219611354624e-03
8.884917416511520574e-03
9.389180968009770006e-03
9.955277457529738278e-03
1.040523435099902430e-02
1.089503689717891480e-02
1.132765380576031267e-02
1.190915458889504376e-02
1.245258750134493365e-02
1.311725652226863881e-02
1.362849952728662113e-02
1.443290362780201563e-02
1.535412030133312747e-02
1.559777640204091514e-02
1.604335405728434666e-02
1.686505363611054062e-02
1.746892089652412466e-02
1.489516169568346274e-02
1.206503140488614928e-02
9.129543433874284103e-03
7.396467503612609400e-03
5.769928546949606822e-03
4.731855904646187910e-03
3.754978731365564426e-03
3.100236263724779132e-03
2.489154916160506333e-03
2.034421129758198343e-03
1.607499587076280465e-03
1.283565548733881867e-03
9.808652886457655280e-04
7.613997001975751112e-04
5.532578970665379473e-04
3.999630502122556103e-04
2.546032422940544505e-04
1.380642204679549255e-04
2.543130809860816063e-05
3.035784011734403084e-03
2.895422119081686278e-03
2.779157648039207347e-03
2.687774639996400906e-03
2.614874590376794865e-03
2.549522043706546441e-03
2.491231013307127103e-03
2.433652795277998094e-03
2.377726965078987356e-03
2.317737710307138030e-03
2.258813488431033606e-03
2.201002711137372593e-03
2.138691756027009082e-03
2.073224352757029564e-03
2.004636799118545819e-03
1.935892866139988979e-03
1.863183884076305679e-03
1.790031967313015148e-03
1.718143357261812899e-03
1.643796327092050596e-03
1.566001563054153891e-03
1.484876820129524830e-03
1.408713304158343282e-03
1.329346629323600523e-03
1.249821114415213116e-03
1.172936414356238414e-03
1.097376793903651537e-03
1.019003640110813409e-03
9.357956318065952222e-04
8.479385348112043405e-04
7.616212862922565894e-04
6.739751316115808431e-04
5.915553677655250751e-04
5.103633503883452972e-04
4.354338973289999942e-04
3.635671455912745749e-04
2.976235712264846856e-04
2.379110136671690602e-04
1.854782336486934260e-04
1.417542442862760883e-04
1.048962894902706426e-04
7.410538853287027450e-05
4.940273593308184825e-05
3.108852751326704738e-05
1.743110697070106497e-05
7.869837859512498796e-06
9.547219179855075421e-08
3.490909374717692944e-06
5.555486400774980310e-05
1.046021035422949898e-04
1.513231274163479815e-04
1.965060561510147651e-04
2.401480254305769747e-04
2.814949991523662837e-04
3.187234828709977212e-04
3.528501091260487308e-04
3.837710367276285701e-04
4.107751186080512741e-04
4.330541511112390184e-04
4.508569007392898174e-04
4.624457979143069687e-04
4.689612478860934858e-04
4.710864286378498326e-04
4.676289518900533684e-04
4.591150591666001788e-04
4.469949927270827042e-04
4.315942214517186587e-04
4.130450523602231046e-04
3.911540535248050334e-04
3.682815349016313770e-04
3.436288327005636235e-04
3.177278613774344026e-04
2.905386181915282570e-04
2.632967125544618267e-04
2.359222043584987465e-04
2.086511138996764117e-04
1.832736244464467452e-04
1.580314533567824724e-04
1.350923764017650491e-04
1.138257406569267695e-04
9.403723682730076583e-05
7.646982797854076674e-05
6.042705150570942916e-05
4.608256592840451156e-05
3.383272694874824477e-05
2.291625318112942131e-05
4.549944330994927363e-06
