-4.787507355213165283e-01
-6.285950541496276855e-01
2.227005362510681152e-01
-7.673492282629013062e-02
2.151348143815994263e-01
3.782227635383605957e-02
-7.637216150760650635e-02
5.881853401660919189e-02
-4.218903183937072754e-01
-2.120224982500076294e-01
-3.588948249816894531e-01
-4.236156046390533447e-01
-6.089381407946348190e-03
-3.454853221774101257e-02
-7.454159203916788101e-03
-3.714165389537811279e-01
-3.647694364190101624e-02
-4.743566215038299561e-01
1.402359753847122192e-01
-3.027155697345733643e-01
5.154704302549362183e-02
-4.270492121577262878e-02
-2.775828242301940918e-01
9.423337131738662720e-02
6.866415590047836304e-02
1.647812605369836092e-04
-6.748079657554626465e-01
4.987216740846633911e-02
-3.169094920158386230e-01
-3.418799638748168945e-01
-5.272771120071411133e-01
5.279199033975601196e-02
1.196950767189264297e-02
-6.633749008178710938e-01
-2.076783925294876099e-01
1.096760258078575134e-01
1.469506025314331055e-01
-2.519214153289794922e-01
8.102313615381717682e-03
-3.176276385784149170e-01
-2.554922737181186676e-02
-6.268767118453979492e-01
-4.541665017604827881e-01
-1.187512278556823730e-01
-1.019353345036506653e-01
9.636164456605911255e-02
-6.227215528488159180e-01
-3.773390054702758789e-01
1.713519096374511719e-01
-4.864885509014129639e-01
-1.717567443847656250e-01
-2.507712133228778839e-02
5.220733210444450378e-02
-4.260860010981559753e-02
5.733503773808479309e-02
-3.357691466808319092e-01
-3.161849975585937500e-01
-4.363148808479309082e-01
-2.005481868982315063e-01
-2.752552554011344910e-02
3.705421928316354752e-03
1.200609654188156128e-01
-5.702419877052307129e-01
-3.433040380477905273e-01
-6.160318255424499512e-01
-6.723349094390869141e-01
-1.052483618259429932e-01
1.597821563482284546e-01
-4.953245446085929871e-02
-4.130920767784118652e-01
-9.814359992742538452e-02
1.032286137342453003e-02
-4.627012908458709717e-01
-4.087453782558441162e-01
1.305113732814788818e-01
-4.781176149845123291e-01
9.606093913316726685e-02
-3.155360519886016846e-01
-3.617714941501617432e-01
-1.857047230005264282e-01
-4.096611440181732178e-01
-1.965548545122146606e-01
-3.172123432159423828e-01
-7.000499367713928223e-01
-2.882890105247497559e-01
2.907618284225463867e-01
-3.938923180103302002e-01
-5.162603855133056641e-01
-5.056023001670837402e-01
1.021069884300231934e-01
-4.174533486366271973e-01
-9.573695808649063110e-02
-4.571795165538787842e-01
-3.537289425730705261e-02
-6.189081072807312012e-02
4.328262805938720703e-01
-1.092986762523651123e-01
1.190128251910209656e-01
1.359076350927352905e-01
1.276764869689941406e-01
-6.137153506278991699e-01
9.786150418221950531e-03
-7.367200218141078949e-03
3.065756261348724365e-01
-7.872586697340011597e-02
1.753429919481277466e-01
-4.713867306709289551e-01
4.035821557044982910e-02
-3.260477781295776367e-01
-3.799356054514646530e-03
-5.138206481933593750e-01
-1.007894203066825867e-01
-1.023545712232589722e-01
-8.735690265893936157e-02
-2.394042909145355225e-02
-9.134555235505104065e-03
-2.261390984058380127e-01
-2.226015180349349976e-01
-3.025071620941162109e-01
-3.009081073105335236e-02
-4.053189754486083984e-01
-4.893677830696105957e-01
1.118621081113815308e-01
2.334064245223999023e-02
-2.544797360897064209e-01
-4.727149903774261475e-01
-7.456099241971969604e-02
9.166362136602401733e-02
1.376240849494934082e-01
1.425886452198028564e-01
-3.995747268199920654e-01
-2.859152108430862427e-02
-2.770070433616638184e-01
1.576646864414215088e-01
-4.919428527355194092e-01
-3.074661791324615479e-01
8.533523231744766235e-02
2.926650345325469971e-01
-2.236337587237358093e-02
-2.725679278373718262e-01
-3.668815791606903076e-01
-2.290942519903182983e-01
-1.077157929539680481e-01
-1.676545888185501099e-01
-4.454335272312164307e-01
