-2.692101709544658661e-02
8.034156635403633118e-03
1.338312402367591858e-02
-1.376717630773782730e-02
-1.847227662801742554e-02
-6.870316714048385620e-02
-2.542328438721597195e-04
3.069227188825607300e-02
-4.227463901042938232e-02
-1.984106749296188354e-02
-1.518428791314363480e-02
-3.904082812368869781e-03
1.086789090186357498e-02
-1.061811223626136780e-01
4.528082534670829773e-02
4.118385165929794312e-02
3.514380007982254028e-02
-2.040360867977142334e-02
5.170587822794914246e-02
-2.851695939898490906e-02
-3.651838283985853195e-03
5.834298953413963318e-02
2.548058144748210907e-02
-4.023633152246475220e-02
-7.186740171164274216e-03
7.196288090199232101e-03
2.195368707180023193e-02
-2.894148230552673340e-02
1.221113465726375580e-02
-2.166291698813438416e-03
-1.076518092304468155e-02
1.553499512374401093e-02
3.236169740557670593e-02
1.974553614854812622e-02
5.383532843552529812e-04
-1.990146376192569733e-02
3.943721763789653778e-03
-3.077069297432899475e-02
3.398884087800979614e-02
-4.012144636362791061e-03
2.187532000243663788e-02
-1.982659101486206055e-02
-4.136287793517112732e-02
-1.301898621022701263e-02
1.171871740370988846e-02
-4.819017648696899414e-02
-4.688422381877899170e-02
-6.712821871042251587e-02
1.612347364425659180e-02
-3.583033382892608643e-02
5.578944832086563110e-02
-4.851884674280881882e-03
3.435243293642997742e-02
-5.134611204266548157e-02
7.133696693927049637e-03
-4.164669662714004517e-02
1.154263224452733994e-02
-9.150551259517669678e-02
-5.080734938383102417e-02
3.580493852496147156e-02
-2.493561618030071259e-02
7.740424945950508118e-03
8.565243915654718876e-04
1.521115843206644058e-02
2.640105225145816803e-02
9.189600124955177307e-03
-6.746025756001472473e-03
4.611023515462875366e-02
-4.124032706022262573e-02
4.603211209177970886e-02
-2.953886426985263824e-02
-3.289492428302764893e-02
-5.974035337567329407e-02
-2.078815363347530365e-02
1.240861369296908379e-03
-9.148859418928623199e-03
-3.727456927299499512e-02
-1.017405018210411072e-01
-5.393571779131889343e-02
-2.299347706139087677e-02
-3.703848645091056824e-02
7.918745279312133789e-03
5.031249485909938812e-03
-2.221841737627983093e-02
2.986216545104980469e-02
4.312274511903524399e-03
-2.284049987792968750e-02
2.377200871706008911e-02
3.438764438033103943e-02
-4.770673811435699463e-02
-6.384692341089248657e-02
3.885459154844284058e-02
-5.745327100157737732e-02
-9.362889453768730164e-03
4.040589556097984314e-02
-7.199358195066452026e-02
-4.364231601357460022e-02
-5.747175589203834534e-02
2.337983995676040649e-02
5.278670042753219604e-02
-1.775402389466762543e-02
-7.978773675858974457e-03
-4.435352236032485962e-02
-3.501751646399497986e-02
2.759911678731441498e-02
-3.072929382324218750e-02
-3.314011031761765480e-03
6.277947686612606049e-03
2.716579288244247437e-02
-2.167097665369510651e-02
-2.729783579707145691e-02
-2.051837928593158722e-02
-4.812051728367805481e-02
-7.782930880784988403e-02
1.547988853417336941e-03
-3.754934668540954590e-02
-3.708794340491294861e-02
-7.713303901255130768e-03
5.184036493301391602e-02
4.263680055737495422e-02
1.256433781236410141e-02
-2.207610756158828735e-02
-3.907848894596099854e-02
-6.221121922135353088e-02
5.303915124386548996e-03
-3.257285058498382568e-02
1.066547818481922150e-03
-9.961302392184734344e-03
-4.097661748528480530e-02
-1.651767268776893616e-02
-9.427303075790405273e-02
-1.802012510597705841e-02
-8.078005164861679077e-02
