1.173074357211589813e-02
-2.922227978706359863e-02
-1.964564807713031769e-02
-9.400817216373980045e-04
-1.543596200644969940e-02
-2.594622969627380371e-02
2.080101985484361649e-03
2.489207126200199127e-02
-4.972434788942337036e-02
-1.872251182794570923e-02
-3.104405011981725693e-03
-2.680580317974090576e-02
-1.806951314210891724e-02
1.854446530342102051e-02
6.073618680238723755e-02
5.286106839776039124e-03
-3.696611896157264709e-02
1.552349235862493515e-02
-1.992671191692352295e-02
-5.227499175816774368e-03
-2.325396798551082611e-02
2.232878282666206360e-02
7.339484989643096924e-03
-3.992358222603797913e-02
-3.795972466468811035e-02
1.704798825085163116e-02
-2.970492467284202576e-03
5.226365849375724792e-02
2.671686373651027679e-02
2.152019180357456207e-02
-2.409729920327663422e-02
-1.830964908003807068e-02
-1.433071331121027470e-03
-9.594336152076721191e-03
9.689382277429103851e-03
-7.789965718984603882e-03
2.107445383444428444e-03
-2.657105773687362671e-02
1.597417891025543213e-02
-7.853355258703231812e-03
7.731081917881965637e-03
-3.414335101842880249e-02
-3.133752197027206421e-02
4.069471731781959534e-02
2.009925991296768188e-02
-3.812843933701515198e-02
1.399633008986711502e-03
-1.934032700955867767e-02
2.831372665241360664e-03
-4.505356191657483578e-04
2.763695642352104187e-02
-7.651754189282655716e-03
-8.380835875868797302e-03
1.886637881398200989e-02
-2.009063726291060448e-03
-3.184510394930839539e-02
3.938416019082069397e-02
-3.382822871208190918e-02
-3.476926824077963829e-03
-2.703730715438723564e-03
-2.189594320952892303e-02
-3.355781733989715576e-02
2.726628258824348450e-02
-6.901110522449016571e-03
3.199408203363418579e-02
-2.071542106568813324e-02
2.920768409967422485e-02
-8.010430261492729187e-03
3.976161591708660126e-03
-3.828074038028717041e-02
-4.442517238203436136e-04
2.194955572485923767e-02
-5.235930439084768295e-03
2.160787023603916168e-02
-2.927367575466632843e-02
8.978866040706634521e-03
-6.801350042223930359e-03
3.317043557763099670e-02
8.489713817834854126e-02
2.346527576446533203e-02
-7.190313935279846191e-02
1.100034452974796295e-02
-6.195186823606491089e-02
9.551672264933586121e-03
-2.957108058035373688e-02
8.927912451326847076e-03
-1.643246598541736603e-02
-5.805130302906036377e-02
-2.586194500327110291e-02
-7.038282696157693863e-03
1.932794041931629181e-02
3.163838759064674377e-02
-3.458046168088912964e-02
-2.225572802126407623e-02
-3.694602847099304199e-02
-3.262629965320229530e-03
-3.722691163420677185e-02
-4.439152777194976807e-02
5.367661267518997192e-02
1.327491737902164459e-02
-6.980089936405420303e-03
-3.226966038346290588e-02
2.514112927019596100e-02
-2.630057185888290405e-02
-1.060231775045394897e-02
4.248479846864938736e-03
-1.164528727531433105e-02
1.798735000193119049e-03
1.817552372813224792e-02
-2.304624207317829132e-02
2.946833707392215729e-02
