3.103871643543243408e-01
1.037724390625953674e-01
-1.196993887424468994e-01
1.785258352756500244e-01
-2.536740601062774658e-01
3.828435242176055908e-01
1.947349309921264648e-01
-1.226823851466178894e-01
-1.411049962043762207e-01
-8.115925639867782593e-02
-1.991864889860153198e-01
-1.950096338987350464e-01
-1.857050806283950806e-01
-2.194839864969253540e-01
8.332252502441406250e-02
8.071032166481018066e-02
1.505303289741277695e-02
-1.941310167312622070e-01
-1.726788580417633057e-01
1.776624619960784912e-01
-9.298673272132873535e-02
-9.093230962753295898e-02
