-2.839095592498779297e-01
-5.255798622965812683e-02
-1.741634756326675415e-01
-6.950482726097106934e-02
-1.880889087915420532e-01
-2.179838865995407104e-01
-2.621553242206573486e-01
7.772756367921829224e-02
-2.066749185323715210e-01
-1.233460754156112671e-01
-2.849519848823547363e-01
-3.003675937652587891e-01
-9.047216922044754028e-02
4.371754452586174011e-02
-9.708127379417419434e-02
-7.997711189091205597e-03
-1.283020824193954468e-01
-2.219296097755432129e-01
-2.672490198165178299e-03
7.032318413257598877e-02
3.410741686820983887e-02
3.363547623157501221e-01
