-5.806676298379898071e-02
-3.032061085104942322e-02
8.918532729148864746e-02
-6.016398221254348755e-02
-1.792481243610382080e-01
-1.278616189956665039e-01
-9.118020534515380859e-03
-4.252253100275993347e-02
3.991455584764480591e-02
2.078987658023834229e-02
2.503741532564163208e-02
4.766714118886739016e-04
1.513779815286397934e-02
-3.889519488438963890e-03
-9.173770248889923096e-02
-5.871440842747688293e-02
-1.418385207653045654e-01
-3.030445054173469543e-02
-1.424938738346099854e-01
7.441394962370395660e-03
-1.335621476173400879e-01
8.761979639530181885e-02
-8.453140407800674438e-02
-1.620320379734039307e-01
-1.076080184429883957e-02
-3.602258116006851196e-02
-1.490406505763530731e-02
4.114009439945220947e-02
-2.234505116939544678e-02
-6.744564045220613480e-03
-3.294618800282478333e-02
3.696377947926521301e-02
-1.476786583662033081e-01
-4.746920242905616760e-02
2.632543072104454041e-02
1.401269156485795975e-02
-1.096367388963699341e-01
-1.127342693507671356e-02
2.215621061623096466e-02
4.146195948123931885e-03
-4.751300066709518433e-02
1.301104854792356491e-02
-3.016328671947121620e-03
-6.814423203468322754e-02
3.923602402210235596e-02
2.543026953935623169e-02
-7.796406745910644531e-03
-3.404510393738746643e-02
-5.294036585837602615e-03
2.389498613774776459e-02
-1.452614814043045044e-01
2.802429907023906708e-02
1.230908464640378952e-02
4.779040068387985229e-02
-9.265022352337837219e-03
3.367124125361442566e-02
-2.413545921444892883e-02
-2.704894915223121643e-02
-6.884890049695968628e-02
-1.773472689092159271e-02
2.005013264715671539e-02
-2.728800103068351746e-02
2.794621512293815613e-02
4.936055745929479599e-03
-7.840330153703689575e-02
-1.628179103136062622e-02
1.074599847197532654e-02
-2.416931651532649994e-02
5.598280578851699829e-02
-8.493620157241821289e-02
-1.107534915208816528e-01
-1.523086726665496826e-01
1.559686567634344101e-02
8.084528148174285889e-03
-7.211296260356903076e-02
-4.212782718241214752e-03
2.907511219382286072e-02
-6.130272522568702698e-02
-1.882613264024257660e-02
2.661969512701034546e-03
3.403738513588905334e-02
-3.264454007148742676e-02
-1.554469168186187744e-01
1.495217718183994293e-02
-7.407781481742858887e-02
2.319539897143840790e-02
2.669256739318370819e-02
-9.816458448767662048e-03
-2.548090741038322449e-02
-1.197438910603523254e-01
-1.470304559916257858e-02
2.812549285590648651e-02
-1.650272756814956665e-01
9.482130408287048340e-03
-2.185364626348018646e-02
2.932035550475120544e-02
2.073017507791519165e-02
-7.730902731418609619e-02
2.500352822244167328e-02
