-2.097738981246948242e-01
-1.249198168516159058e-01
-1.325517594814300537e-01
-2.484337836503982544e-01
-4.351406395435333252e-01
-5.097131058573722839e-02
-1.726842373609542847e-01
-1.814076602458953857e-01
-3.063009977340698242e-01
7.789877802133560181e-02
-3.587563037872314453e-01
-4.202621877193450928e-01
-2.828821837902069092e-01
-1.296072900295257568e-01
5.811627581715583801e-02
9.522382169961929321e-02
-1.627685874700546265e-01
-1.082363277673721313e-01
-1.088922992348670959e-01
-2.456143498420715332e-02
-2.331476956605911255e-01
5.689486488699913025e-02
-2.083326429128646851e-01
-3.738574981689453125e-01
4.355425387620925903e-02
-2.583431601524353027e-01
-1.972551047801971436e-01
-2.865283787250518799e-01
-1.514779031276702881e-01
-2.403005957603454590e-01
-3.485570102930068970e-02
7.579588145017623901e-02
-6.934118270874023438e-02
6.727305799722671509e-02
-1.868540942668914795e-01
-2.620962560176849365e-01
-1.181001365184783936e-01
-3.107178807258605957e-01
-2.921486496925354004e-01
-2.248470187187194824e-01
5.241767317056655884e-02
-8.561095222830772400e-03
1.211310154758393764e-04
-1.708367913961410522e-01
-1.651933640241622925e-01
2.455568909645080566e-01
1.034370809793472290e-01
-2.334291189908981323e-01
3.428486734628677368e-02
-2.216474898159503937e-02
1.032067611813545227e-01
-3.183860778808593750e-01
1.195065453648567200e-01
-1.315923631191253662e-01
-3.410104513168334961e-01
1.325857788324356079e-01
1.348672509193420410e-01
8.096543699502944946e-02
-2.184242159128189087e-01
-2.987704873085021973e-01
-1.855775713920593262e-01
-3.333936631679534912e-01
2.975087463855743408e-01
-1.791011840105056763e-01
-9.942341595888137817e-02
-1.931832879781723022e-01
-2.940081954002380371e-01
1.168551594018936157e-01
-6.837709248065948486e-02
1.830876320600509644e-01
-5.924727395176887512e-02
-2.207559347152709961e-01
-2.840571105480194092e-01
-3.085476756095886230e-01
1.214889623224735260e-02
-1.503890454769134521e-01
-1.930101402103900909e-02
1.709153205156326294e-01
-2.174720466136932373e-01
3.452870622277259827e-02
3.601335734128952026e-02
-2.499216049909591675e-01
-1.024174764752388000e-01
5.448983609676361084e-02
-3.397679924964904785e-01
-9.059277176856994629e-02
4.249667748808860779e-02
-1.673772037029266357e-01
-1.433624923229217529e-01
-2.167292237281799316e-01
-7.869175076484680176e-02
-1.178556978702545166e-01
-3.637958467006683350e-01
1.622083187103271484e-01
-6.221514195203781128e-02
-2.749824225902557373e-01
-2.253600209951400757e-01
-3.211813867092132568e-01
2.461869418621063232e-01
-1.782836616039276123e-01
-5.563943181186914444e-03
-3.261528313159942627e-01
-3.520094752311706543e-01
-3.233988583087921143e-01
1.094256341457366943e-01
-1.733787655830383301e-01
-1.862975805997848511e-01
1.232116818428039551e-01
-4.424046874046325684e-01
1.710699647665023804e-01
-2.076868116855621338e-01
7.803023792803287506e-03
3.342978954315185547e-01
7.610011100769042969e-02
2.035431116819381714e-01
3.123058192431926727e-02
2.343654036521911621e-01
-1.981850713491439819e-01
-5.194711685180664062e-01
-3.014121353626251221e-01
5.014650896191596985e-02
1.184694468975067139e-01
-2.574364840984344482e-01
-4.701073095202445984e-02
1.528761684894561768e-01
-4.272935390472412109e-01
-3.088977634906768799e-01
8.708567917346954346e-02
3.074376098811626434e-02
-2.330055236816406250e-01
-4.214081540703773499e-02
-2.925198338925838470e-02
7.155097275972366333e-02
2.339059673249721527e-02
-2.212155908346176147e-01
-2.342320680618286133e-01
-2.135780155658721924e-01
-1.473907679319381714e-01
2.779401838779449463e-01
5.425566807389259338e-02
6.584554165601730347e-02
-1.734979450702667236e-01
-5.140242576599121094e-01
-2.021057158708572388e-01
-3.753250837326049805e-01
