1.081488430500030518e-01,3.643957674503326416e-01,2.788634300231933594e-01,-1.098177507519721985e-01,-3.664594888687133789e-01,-4.058240652084350586e-01,-8.732137084007263184e-02,-3.336106240749359131e-01,-7.943442463874816895e-02,-5.196899175643920898e-02,-1.295784115791320801e-01,8.522245287895202637e-02,-2.032191902399063110e-01,-4.846147298812866211e-01,-4.659937620162963867e-01,2.455983608961105347e-01,6.271009892225265503e-02,-1.705925017595291138e-01,-6.981826573610305786e-02,-1.946046203374862671e-01,2.303773313760757446e-01,-6.602197885513305664e-02
-1.753382682800292969e-01,1.433454081416130066e-02,5.547901242971420288e-02,-7.468399405479431152e-02,-3.496647477149963379e-01,-5.239607021212577820e-02,2.352812737226486206e-01,2.408068254590034485e-02,-3.334321379661560059e-01,2.586055994033813477e-01,-3.276990354061126709e-01,-3.475048020482063293e-02,-1.014884710311889648e-01,4.043034911155700684e-01,6.752839684486389160e-02,-1.632791012525558472e-01,1.447510570287704468e-01,-9.372635930776596069e-02,1.517472714185714722e-01,4.597016051411628723e-02,-2.595380246639251709e-01,-8.389980345964431763e-02
3.327603340148925781e-01,3.537401258945465088e-01,1.464112251996994019e-01,-1.246472522616386414e-01,-2.151129990816116333e-01,-1.760676875710487366e-02,2.019590288400650024e-01,2.350889146327972412e-01,-2.737328112125396729e-01,-9.444215893745422363e-02,4.689686298370361328e-01,-6.584924645721912384e-03,4.327784478664398193e-02,-2.614560127258300781e-01,-4.172303974628448486e-01,-2.641382813453674316e-01,1.850431710481643677e-01,-3.397593274712562561e-02,-8.825272321701049805e-02,2.258602976799011230e-01,-6.910961121320724487e-02,-1.290145367383956909e-01
1.320726573467254639e-01,1.213392391800880432e-01,-1.457524597644805908e-01,-3.012621104717254639e-01,-8.357604965567588806e-04,-1.241628546267747879e-02,1.154850944876670837e-01,2.850211262702941895e-01,-2.828272879123687744e-01,3.396033644676208496e-01,-2.753916680812835693e-01,2.880996167659759521e-01,-1.992989033460617065e-01,-1.244769021868705750e-01,-2.765942215919494629e-01,4.728309512138366699e-01,-1.392022669315338135e-01,-2.762355506420135498e-01,-7.921389490365982056e-02,-1.079813465476036072e-01,2.196117788553237915e-01,3.324575722217559814e-01
-2.476647943258285522e-01,4.435504078865051270e-01,1.534937769174575806e-01,2.243338376283645630e-01,1.275111883878707886e-01,4.397561307996511459e-03,3.260983824729919434e-01,6.459494587033987045e-03,-1.967359036207199097e-01,1.793131679296493530e-01,2.257885187864303589e-01,1.715912073850631714e-01,-5.490766763687133789e-01,9.828164428472518921e-02,-3.244217932224273682e-01,-2.015007287263870239e-01,2.286210805177688599e-01,-2.540324330329895020e-01,1.885782033205032349e-01,1.210745200514793396e-01,7.806429173797369003e-03,-3.156680166721343994e-01
1.762393563985824585e-01,-3.178645670413970947e-02,9.864062070846557617e-02,1.492930501699447632e-01,1.595237106084823608e-01,1.817375272512435913e-01,-2.695963978767395020e-01,2.233402729034423828e-01,-4.774253666400909424e-01,-1.780221797525882721e-02,2.727644890546798706e-02,-3.061447441577911377e-01,-2.645505666732788086e-01,-2.116994708776473999e-01,-2.980764806270599365e-01,1.432441771030426025e-01,-3.230926096439361572e-01,1.529971230775117874e-02,-5.242648720741271973e-01,4.909709095954895020e-03,2.058332264423370361e-01,-1.815451085567474365e-01
-2.583313174545764923e-02,7.083231955766677856e-02,-2.146080695092678070e-02,-2.175051271915435791e-01,3.115966022014617920e-01,-2.932666540145874023e-01,-1.560068279504776001e-01,-9.665861725807189941e-02,-1.837297827005386353e-01,3.532303571701049805e-01,-2.500199973583221436e-01,-5.716185644268989563e-02,-3.716801404953002930e-01,-3.127284348011016846e-01,2.476416677236557007e-01,2.881642282009124756e-01,1.501529961824417114e-01,6.882038712501525879e-02,8.144488930702209473e-02,2.351565212011337280e-01,-4.959303885698318481e-02,-9.081938117742538452e-02
1.025696545839309692e-01,6.502827405929565430e-01,3.917857259511947632e-02,-3.842350840568542480e-01,-2.533937990665435791e-02,9.080169722437858582e-03,-6.601130217313766479e-02,1.078578531742095947e-01,2.381941676139831543e-01,-1.463473737239837646e-01,3.121114373207092285e-01,-5.895518232136964798e-03,8.924116939306259155e-02,5.220005512237548828e-01,1.721662878990173340e-01,2.600324340164661407e-02,-1.071131080389022827e-01,-2.802450023591518402e-02,-1.758438050746917725e-01,2.482308149337768555e-01,4.060525000095367432e-01,-3.048340380191802979e-01
-3.662666678428649902e-02,4.996637403964996338e-01,-1.022231578826904297e-01,2.376603037118911743e-01,-8.048447966575622559e-02,1.245459690690040588e-01,1.534105539321899414e-01,-1.082920283079147339e-01,1.395270079374313354e-01,1.258324831724166870e-01,3.613583147525787354e-01,3.607237935066223145e-01,-3.601388633251190186e-01,-1.122788041830062866e-01,2.383609116077423096e-01,-2.279952019453048706e-01,9.587959945201873779e-02,-2.426763251423835754e-02,4.167863726615905762e-02,-1.535363495349884033e-01,5.892369523644447327e-02,-2.785161435604095459e-01
7.192768156528472900e-02,-4.266202151775360107e-01,-5.807838216423988342e-02,4.521519690752029419e-02,5.084697604179382324e-01,1.337998807430267334e-01,5.533982515335083008e-01,-7.027903199195861816e-02,2.380372434854507446e-01,2.329206019639968872e-01,4.207066446542739868e-02,4.314193427562713623e-01,5.656074360013008118e-02,-3.321546316146850586e-01,2.213910520076751709e-01,-8.954925090074539185e-02,-2.524451911449432373e-02,-1.447470039129257202e-01,-8.093737065792083740e-02,-3.617916256189346313e-02,-4.766212105751037598e-01,-1.325180828571319580e-01
1.539949476718902588e-01,-2.073371261358261108e-01,-2.057080417871475220e-01,-2.486436367034912109e-01,4.523712098598480225e-01,2.001926153898239136e-01,-7.783909328281879425e-03,-3.855566494166851044e-03,3.800090402364730835e-02,2.664282023906707764e-01,1.515377610921859741e-01,2.397672683000564575e-01,-4.078465700149536133e-02,2.881582379341125488e-01,-3.330400586128234863e-02,-6.742908060550689697e-02,-6.278136372566223145e-02,-1.873991936445236206e-01,2.531656920909881592e-01,2.690844833850860596e-01,1.215519756078720093e-01,2.454076893627643585e-02
2.594287097454071045e-01,-1.935916990041732788e-01,-6.751030683517456055e-02,-2.775849103927612305e-01,2.566194236278533936e-01,6.437152624130249023e-02,2.902488112449645996e-01,1.418676972389221191e-01,1.643709838390350342e-01,1.571700423955917358e-01,-1.932450085878372192e-01,1.316112428903579712e-01,-1.236484125256538391e-01,-1.916609257459640503e-01,-1.255348473787307739e-01,-2.206227481365203857e-01,-1.642479896545410156e-01,2.452616095542907715e-01,-1.891240030527114868e-01,-5.319074168801307678e-02,-2.498888522386550903e-01,1.859012842178344727e-01
2.637950181961059570e-01,6.746193021535873413e-02,9.500467032194137573e-02,-2.022369801998138428e-01,-7.212620973587036133e-02,1.016083136200904846e-01,3.138873279094696045e-01,-2.320625036954879761e-01,-2.018249481916427612e-01,-2.144573628902435303e-02,2.747867405414581299e-01,1.970961540937423706e-01,-4.485626891255378723e-02,-1.668476611375808716e-01,-1.392998099327087402e-01,1.466497331857681274e-01,-1.266159713268280029e-01,-1.684866994619369507e-01,5.572119355201721191e-02,-3.776253387331962585e-02,4.150302708148956299e-01,6.100058555603027344e-02
-1.290571540594100952e-01,2.894549667835235596e-01,-5.604807659983634949e-02,-1.635327003896236420e-02,1.261643320322036743e-01,-1.409429609775543213e-01,-2.703861594200134277e-01,1.136863529682159424e-01,1.137541308999061584e-01,-9.612771868705749512e-02,-2.020654641091823578e-02,2.246811753138899803e-03,-1.000481322407722473e-01,1.146684065461158752e-01,-1.702464967966079712e-01,-9.177951514720916748e-02,-7.500472664833068848e-02,1.713754385709762573e-01,-8.012608438730239868e-02,3.414202854037284851e-02,-3.526891469955444336e-01,-7.835553586483001709e-02
-3.651417493820190430e-01,1.115774959325790405e-01,-1.126052811741828918e-01,-4.000544548034667969e-01,-3.861469030380249023e-01,5.005475832149386406e-04,-9.801267087459564209e-02,-3.259029388427734375e-01,-2.539661228656768799e-01,-1.658107936382293701e-01,6.122893467545509338e-02,-5.351697653532028198e-02,2.431444823741912842e-01,-2.878588140010833740e-01,-1.035591661930084229e-01,-3.989679217338562012e-01,-9.893821924924850464e-02,3.353417515754699707e-01,-5.004212856292724609e-01,-4.930428112857043743e-04,1.617878526449203491e-01,-3.130848333239555359e-02
1.665652990341186523e-01,1.936869621276855469e-01,-1.783680403605103493e-03,1.911639422178268433e-01,9.240884333848953247e-02,-1.123817451298236847e-02,-3.754226267337799072e-01,-2.756929993629455566e-01,-1.593951582908630371e-01,3.336780369281768799e-01,1.801174692809581757e-02,1.044927760958671570e-01,1.514716148376464844e-01,-7.603068649768829346e-02,-3.517543077468872070e-01,4.242347478866577148e-01,-1.132825985550880432e-01,-2.233365327119827271e-01,2.384564578533172607e-01,6.965523120015859604e-03,1.342733353376388550e-01,1.253064423799514771e-01
6.874909251928329468e-02,4.617814347147941589e-02,9.931593388319015503e-02,2.501357495784759521e-01,3.558702766895294189e-01,-4.888121620751917362e-04,-2.585580945014953613e-01,-1.478876918554306030e-01,-3.006270527839660645e-01,2.762667834758758545e-01,-1.683170646429061890e-01,-8.098138868808746338e-02,-1.633842587471008301e-01,-3.560684323310852051e-01,7.558159530162811279e-02,-3.321245908737182617e-01,7.525404542684555054e-02,2.595566585659980774e-02,1.456718076951801777e-03,-1.747988462448120117e-01,3.974190354347229004e-02,2.178106456995010376e-01
2.477047592401504517e-01,1.393884718418121338e-01,2.860180139541625977e-01,-1.505357027053833008e-01,-8.600939810276031494e-02,9.994764626026153564e-02,1.037731021642684937e-01,3.236719667911529541e-01,-4.634046182036399841e-02,1.668770425021648407e-02,-2.056740820407867432e-01,6.650545634329319000e-03,4.844131320714950562e-02,1.676848828792572021e-01,-2.690861225128173828e-01,1.836388139054179192e-03,5.476348474621772766e-02,-5.506824702024459839e-02,3.917109966278076172e-01,-3.803789615631103516e-02,9.372179210186004639e-02,-3.613691926002502441e-01
2.523416578769683838e-01,-9.350117295980453491e-02,7.608497142791748047e-02,-1.449342370033264160e-01,4.802247285842895508e-01,-2.759939245879650116e-02,2.569331526756286621e-01,2.253277450799942017e-01,9.226808696985244751e-02,-3.264736235141754150e-01,1.964233219623565674e-01,-7.992921769618988037e-02,1.090253368020057678e-01,1.208659261465072632e-01,-6.240346655249595642e-02,-3.532398641109466553e-01,2.531000599265098572e-02,5.633949860930442810e-02,7.451805472373962402e-02,-6.089806184172630310e-02,5.380238965153694153e-02,-8.650051802396774292e-02
1.868517100811004639e-01,-1.312278807163238525e-01,-3.600704967975616455e-01,3.216983377933502197e-01,-4.003528356552124023e-01,-1.666354537010192871e-01,-4.109035804867744446e-02,1.515242606401443481e-01,-6.037287041544914246e-02,3.433083295822143555e-01,-8.872335404157638550e-02,8.419784158468246460e-02,3.329969048500061035e-01,-1.225885674357414246e-01,-9.260055422782897949e-02,-1.199240460991859436e-01,-1.002174466848373413e-01,1.192131191492080688e-01,-6.598831713199615479e-02,-2.452648431062698364e-01,1.857547312974929810e-01,2.420274764299392700e-01
-2.276012897491455078e-01,2.093444913625717163e-01,7.947242259979248047e-02,2.503320872783660889e-01,-2.722512483596801758e-01,-9.305200725793838501e-02,1.030576378107070923e-01,1.456748694181442261e-02,5.121527984738349915e-02,1.739687919616699219e-01,3.051239810883998871e-02,-2.037020027637481689e-02,4.200936108827590942e-02,-1.170987635850906372e-02,2.886551618576049805e-01,-1.068638786673545837e-01,1.937726736068725586e-01,2.125587165355682373e-01,-2.579230070114135742e-01,-6.985757499933242798e-02,2.747059166431427002e-01,-3.790639340877532959e-01
-5.952119361609220505e-03,-3.332993984222412109e-01,2.444292455911636353e-01,1.790477335453033447e-01,1.666446179151535034e-01,2.586272656917572021e-01,6.683181226253509521e-02,-3.389352560043334961e-01,-7.194817811250686646e-02,-4.778998792171478271e-01,-9.529804438352584839e-02,-3.758392333984375000e-01,-1.333296205848455429e-02,-5.394538119435310364e-02,-3.373121470212936401e-02,-1.300227940082550049e-01,7.638759166002273560e-02,1.829165369272232056e-01,2.338105440139770508e-01,1.932035833597183228e-01,-6.464323401451110840e-01,5.859472788870334625e-03
