0.000000000000000000e+00
8.410050502413025757e-04
1.396488107341810553e-03
1.802123396482860091e-03
2.145555851747034826e-03
2.423077973645871436e-03
2.724304455449411567e-03
2.950503450195787487e-03
3.169301228215543921e-03
3.352170105202592967e-03
3.508269708400621641e-03
3.807959575035946894e-03
4.099366472016111214e-03
4.239152838350295806e-03
4.437689170362519968e-03
4.711120744757336595e-03
4.839645255820939143e-03
4.899535281200733706e-03
5.061244774503441748e-03
5.247007194742044252e-03
5.506262513227667445e-03
5.591855015782017796e-03
5.749130645636067044e-03
5.935487050185777984e-03
6.182676174457303435e-03
6.654321181763629689e-03
6.933800882606248016e-03
7.341454440826932978e-03
7.804246368509531843e-03
8.567576271224655940e-03
9.463043777035383061e-03
1.067054285254578731e-02
1.185850345734157894e-02
1.341439180781510247e-02
1.547835919505713594e-02
1.613400684155270534e-02
1.717168486508019801e-02
1.936519113673636217e-02
2.107550319973092515e-02
1.582275895236343044e-02
1.136721673840660959e-02
7.842569680392531134e-03
6.239706904439179178e-03
5.101872535990457230e-03
4.254728004858767190e-03
3.570483978753488143e-03
3.043564844224157934e-03
2.598066582033778382e-03
2.199128150827643190e-03
1.841341507004212513e-03
1.524532059613512578e-03
1.238992415621107800e-03
9.981510618557460756e-04
7.752459145664052824e-04
5.809584980212274645e-04
3.975099424144818935e-04
2.206251405109996549e-04
4.675764006118145113e-05
2.278993259566341502e-03
1.870696258848147595e-03
1.640267844937379985e-03
1.474785363181753276e-03
1.350625598555650619e-03
1.266752332668681777e-03
1.201420606222242463e-03
1.155193640029705121e-03
1.127045121431513412e-03
1.104845042167233379e-03
1.095249759355442854e-03
1.100244956049639200e-03
1.107952270445204364e-03
1.118421833584867667e-03
1.131464453203477778e-03
1.152605577278910994e-03
1.171334726774731763e-03
1.196642646609188433e-03
1.227178447373765196e-03
1.255977984185476090e-03
1.274517025479491314e-03
1.295576876444438181e-03
1.326989622480506149e-03
1.349232642584576817e-03
1.373292540165571476e-03
1.399705529900380739e-03
1.421547923305077578e-03
1.424514201845391084e-03
1.412511691288963764e-03
1.368833262216802597e-03
1.309523479192576181e-03
1.231030698480673619e-03
1.160588569500587471e-03
1.070109258647751948e-03
9.699763474382070002e-04
8.356515407272852936e-04
7.007970616617623582e-04
5.694393877609861153e-04
4.472683990144765850e-04
3.431901329235440782e-04
2.515478986344538734e-04
1.773681892853844178e-04
1.188025963398301154e-04
7.784316970284690159e-05
4.561007823941143536e-05
2.150756047251994640e-05
6.935011649653210950e-07
4.283305747294874955e-06
4.205799571556874720e-05
7.655606540355816970e-05
1.069063721192707231e-04
1.343349081428046681e-04
1.588724344416036561e-04
1.808583150886140226e-04
1.996273868654692570e-04
2.157456088825690543e-04
2.285350611507821171e-04
2.381154382063362140e-04
2.452723269817684766e-04
2.501561314894810008e-04
2.462097501212332494e-04
2.420861325099345023e-04
2.372743989372022209e-04
2.303444882582347895e-04
2.233461223143143293e-04
2.178520416912899202e-04
2.133983556133464471e-04
2.098069155765887100e-04
2.053876572581873189e-04
2.012961387387353493e-04
1.965918921364223832e-04
1.907965302225195572e-04
1.839231014822318864e-04
1.760389169164515357e-04
1.664971333597106598e-04
1.554522504786364639e-04
1.448001725208314654e-04
1.325006321609072482e-04
1.203451930746359509e-04
1.076806381966598518e-04
9.468531203068222260e-05
8.224695134364579975e-05
6.943314668336093029e-05
5.670420853589859620e-05
4.478961480116895973e-05
3.297152818005223262e-05
9.472464894615518797e-06
