-3.420633077621459961e-02
1.180902943015098572e-01
-4.206116124987602234e-02
2.161438763141632080e-02
-7.012639194726943970e-02
2.300680428743362427e-02
-6.546021252870559692e-02
-1.800845116376876831e-01
4.150371241848915815e-04
6.651217490434646606e-02
-7.349532842636108398e-02
6.896368693560361862e-03
1.806526258587837219e-02
7.374712079763412476e-02
-2.110719680786132812e-01
5.273178592324256897e-02
2.767981402575969696e-02
6.602676212787628174e-02
-2.765847742557525635e-02
7.048533111810684204e-02
4.491432011127471924e-02
-9.911878407001495361e-02
2.879073284566402435e-02
5.315919592976570129e-02
9.353992342948913574e-02
7.171151693910360336e-03
7.831007242202758789e-02
7.776936050504446030e-03
5.501675978302955627e-02
-8.238939195871353149e-02
-6.219532713294029236e-02
-3.186199814081192017e-02
4.768810793757438660e-02
-2.510564029216766357e-02
-1.362920156680047512e-03
-8.529096841812133789e-02
-5.465586110949516296e-02
-1.620667427778244019e-01
-3.106852062046527863e-02
-3.929177671670913696e-02
6.687720865011215210e-02
7.445620745420455933e-02
-1.851504482328891754e-02
1.167600043118000031e-02
-7.473172247409820557e-02
8.765204250812530518e-02
-2.436321228742599487e-02
6.153120100498199463e-02
7.547541707754135132e-02
-1.311621256172657013e-02
-7.291842252016067505e-02
2.838520705699920654e-02
-8.974956348538398743e-03
-2.143086045980453491e-01
-7.407174259424209595e-02
2.130139805376529694e-02
1.277302205562591553e-01
-8.183716237545013428e-02
-3.870498389005661011e-02
-9.404766559600830078e-02
8.088450878858566284e-02
-2.271369099617004395e-02
3.817889606580138206e-03
9.220964461565017700e-02
-5.838680081069469452e-03
-1.800769269466400146e-01
1.228040009737014771e-01
-1.848476938903331757e-02
6.846246309578418732e-03
7.919529080390930176e-02
7.701787352561950684e-02
4.334719851613044739e-02
2.118195220828056335e-02
7.443884760141372681e-02
-4.280669242143630981e-02
1.134080439805984497e-01
-3.632466308772563934e-03
4.404021799564361572e-02
-4.513059277087450027e-03
6.588718295097351074e-02
-1.271327286958694458e-01
-3.386794775724411011e-02
1.255087833851575851e-02
-5.192017555236816406e-02
-7.914659380912780762e-02
4.542503505945205688e-02
-4.854022711515426636e-02
-5.230866745114326477e-02
4.837170708924531937e-03
2.825181744992733002e-02
3.985677659511566162e-02
-2.086665481328964233e-02
4.940654616802930832e-03
1.125947609543800354e-01
6.396877020597457886e-02
-1.898968666791915894e-01
8.250276744365692139e-02
-5.348393693566322327e-02
-1.999573595821857452e-02
4.230192303657531738e-02
1.665743626654148102e-02
7.712156325578689575e-02
-6.432970613241195679e-02
6.479138880968093872e-02
-2.142600715160369873e-01
4.202651605010032654e-02
4.698799550533294678e-02
-4.445780068635940552e-03
4.152298718690872192e-02
-1.405438482761383057e-01
-1.250883638858795166e-01
