-3.793026506900787354e-02
6.830559670925140381e-02
-9.184023365378379822e-03
-1.463136076927185059e-01
-5.909520387649536133e-02
2.630189061164855957e-02
-3.603019192814826965e-02
-3.709538280963897705e-02
-4.522096365690231323e-02
-1.125013157725334167e-01
-4.062754288315773010e-02
-1.001205178909003735e-03
3.556317836046218872e-02
1.729358732700347900e-02
-1.237665265798568726e-01
2.297322452068328857e-02
-1.686473190784454346e-01
3.195819631218910217e-02
9.569608420133590698e-02
6.183851044625043869e-03
9.772584773600101471e-03
-1.368333548307418823e-01
-6.269010249525308609e-03
-1.374416146427392960e-02
-1.366222463548183441e-02
-2.918036840856075287e-02
-4.269643500447273254e-02
-6.944297254085540771e-02
2.226390689611434937e-02
-1.246974687092006207e-03
3.970880061388015747e-03
2.946388907730579376e-02
3.082115016877651215e-02
7.337448187172412872e-03
-9.597351774573326111e-03
-3.156747296452522278e-02
3.308819141238927841e-03
-3.168022260069847107e-02
-1.279261559247970581e-01
1.161843985319137573e-01
2.385839819908142090e-03
-1.172465533018112183e-01
-6.096278131008148193e-02
-1.491831541061401367e-01
1.096554286777973175e-02
-1.305836737155914307e-01
-2.407087944447994232e-03
3.611839190125465393e-02
8.332610130310058594e-03
-4.441595077514648438e-02
6.259521096944808960e-02
-7.908125407993793488e-03
5.644446355290710926e-04
1.253969129174947739e-02
-1.338912360370159149e-02
5.931089166551828384e-03
2.654807828366756439e-02
-5.830735317431390285e-04
3.886146470904350281e-02
2.129548229277133942e-02
4.536033794283866882e-02
-3.570682182908058167e-02
1.732246205210685730e-02
-9.634765796363353729e-03
8.330976590514183044e-03
1.416689530014991760e-02
