1.917357556521892548e-02
7.101015001535415649e-02
1.535161584615707397e-02
6.609186530113220215e-03
1.723542064428329468e-02
6.357794255018234253e-02
1.827725768089294434e-02
-1.212266683578491211e-01
3.740519750863313675e-03
9.074448794126510620e-02
-1.415192149579524994e-02
4.871889948844909668e-02
-2.617543376982212067e-02
8.011092990636825562e-02
-4.035215824842453003e-02
5.027728900313377380e-02
1.457772310823202133e-02
1.316383108496665955e-02
-4.539588093757629395e-02
-6.033171340823173523e-02
-2.679611183702945709e-02
-3.201958164572715759e-02
2.936708368360996246e-02
8.922664076089859009e-02
2.678801864385604858e-02
4.333604499697685242e-02
1.326661650091409683e-02
-5.078795831650495529e-03
7.838146388530731201e-02
2.905821427702903748e-02
-4.366692528128623962e-02
-2.334247715771198273e-02
8.403968065977096558e-02
1.898565702140331268e-02
4.697415977716445923e-02
4.341270402073860168e-02
3.129210695624351501e-02
-1.141100302338600159e-01
-1.662457548081874847e-02
-6.245383992791175842e-04
8.436653017997741699e-02
7.953307032585144043e-02
2.515458874404430389e-02
1.957559288712218404e-05
1.779635064303874969e-02
3.680931776762008667e-02
2.093862183392047882e-02
4.822202608920633793e-04
1.384995295666158199e-03
3.108436986804008484e-02
2.040541032329201698e-03
6.503313779830932617e-02
5.536257475614547729e-02
-9.785312414169311523e-02
-7.566374726593494415e-03
7.258605957031250000e-02
8.956899493932723999e-02
-3.335512802004814148e-02
7.723578810691833496e-02
-1.176315825432538986e-02
2.542763762176036835e-02
5.371101945638656616e-02
4.377480968832969666e-02
9.611530601978302002e-02
-2.148708887398242950e-02
-1.621635109186172485e-01
1.186350136995315552e-01
8.321848697960376740e-03
4.026371054351329803e-03
6.575939804315567017e-02
9.652803093194961548e-02
-1.410987321287393570e-02
3.211542963981628418e-02
8.719475567340850830e-02
-3.023879602551460266e-03
1.094084158539772034e-01
5.068942159414291382e-02
8.148276060819625854e-02
1.771651580929756165e-02
2.819851227104663849e-02
-8.243127912282943726e-02
-4.803790897130966187e-02
7.731528580188751221e-02
-1.723150163888931274e-02
-3.494604304432868958e-02
6.834555417299270630e-02
-3.256532922387123108e-02
-3.781535476446151733e-02
5.305901542305946350e-02
3.449585288763046265e-02
5.812482908368110657e-02
2.155430987477302551e-02
1.013254839926958084e-02
4.796742647886276245e-02
7.879774272441864014e-02
-9.676305204629898071e-02
2.467865310609340668e-02
3.232466056942939758e-03
2.759351767599582672e-02
4.898056387901306152e-02
7.949813455343246460e-02
1.002022027969360352e-01
-1.689637079834938049e-02
8.823181688785552979e-02
-4.596214741468429565e-02
6.718024611473083496e-02
-8.849178440868854523e-03
-3.694220632314682007e-02
6.872597336769104004e-02
-5.028520524501800537e-02
2.834662050008773804e-02
